vertices 99
0 0 1 1 1 0 0 0 0 0 0 0 0 0 0 0 0 
1 1 1 1 1 1 0 0 0 0 0 0 0 0 0 0 0 
2 3 1 1 1 1 1 0 0 0 0 0 0 0 0 0 0 
3 9 1 1 1 1 0 0 1 0 0 0 0 0 0 0 0 
4 7 1 1 1 1 1 1 0 0 0 0 0 0 0 0 0 
5 11 1 2 2 1 1 0 1 0 0 0 0 0 0 0 0 
6 13 1 2 2 1 1 0 0 1 0 0 0 0 0 0 0 
7 15 1 5 5 1 1 1 1 0 0 0 0 0 0 0 0 
8 27 1 4 4 1 1 0 1 1 0 0 0 0 0 0 0 
9 75 1 2 2 1 1 0 1 0 0 1 0 0 0 0 0 
10 77 1 4 4 1 1 0 1 0 0 0 1 0 0 0 0 
11 141 1 2 2 1 1 0 0 1 0 0 0 0 1 0 0 
12 31 1 9 9 1 1 1 1 1 0 0 0 0 0 0 0 
13 79 1 11 11 1 1 1 1 0 0 1 0 0 0 0 0 
14 143 1 11 11 1 1 1 1 0 0 0 1 0 0 0 0 
15 91 1 6 6 1 1 0 1 1 0 1 0 0 0 0 0 
16 155 1 8 8 1 1 0 1 1 0 0 1 0 0 0 0 
17 109 1 8 8 1 1 0 1 1 0 0 0 1 0 0 0 
18 173 1 6 6 1 1 0 1 1 0 0 0 0 1 0 0 
19 63 1 9 9 1 1 1 1 1 1 0 0 0 0 0 0 
20 95 1 26 26 1 1 1 1 1 0 1 0 0 0 0 0 
21 159 1 28 28 1 1 1 1 1 0 0 1 0 0 0 0 
22 111 1 28 28 1 1 1 1 1 0 0 0 1 0 0 0 
23 175 1 26 26 1 1 1 1 1 0 0 0 0 1 0 0 
24 207 1 22 22 1 1 1 1 0 0 1 1 0 0 0 0 
25 219 1 25 25 1 1 1 1 0 0 1 0 0 0 0 1 
26 237 1 25 25 1 1 1 1 0 0 0 1 1 0 0 0 
27 347 0 14 0 1 1 0 1 1 0 1 0 1 0 0 0 
28 470 0 12 0 1 1 0 1 1 0 1 0 0 1 0 0 
29 438 1 6 6 1 1 0 1 1 0 1 0 0 0 0 1 
30 411 1 16 16 1 1 0 1 1 0 0 1 1 0 0 0 
31 413 0 14 0 1 1 0 1 1 0 0 1 0 1 0 0 
32 429 1 6 6 1 1 0 1 1 0 0 0 0 1 1 0 
33 127 1 63 63 1 1 1 1 1 1 1 0 0 0 0 0 
34 191 1 63 63 1 1 1 1 1 1 0 1 0 0 0 0 
35 223 1 101 101 1 1 1 1 1 0 1 1 0 0 0 0 
36 351 0 68 0 1 1 1 1 1 0 1 0 1 0 0 0 
37 607 0 64 0 1 1 1 1 1 0 1 0 0 1 0 0 
38 439 1 57 57 1 1 1 1 1 0 1 0 0 0 0 1 
39 415 1 150 122 1 1 1 1 1 0 0 1 1 0 0 0 
40 477 0 68 0 1 1 1 1 1 0 0 1 0 1 0 0 
41 239 1 101 101 1 1 1 1 1 0 0 0 1 1 0 0 
42 431 1 57 57 1 1 1 1 1 0 0 0 0 1 1 0 
43 471 0 51 0 1 1 1 1 0 0 1 0 0 0 1 1 
44 478 0 51 0 1 1 1 1 0 0 0 1 1 1 0 0 
45 446 0 20 0 1 1 0 1 1 0 1 0 1 0 0 1 
46 941 0 18 0 1 1 0 1 1 0 1 0 0 1 1 0 
47 502 0 18 0 1 1 0 1 1 0 1 0 0 1 0 1 
48 445 0 20 0 1 1 0 1 1 0 0 1 0 1 1 0 
49 255 1 328 328 1 1 1 1 1 1 1 1 0 0 0 0 
50 383 0 131 0 1 1 1 1 1 1 1 0 1 0 0 0 
51 639 0 190 0 1 1 1 1 1 1 1 0 0 1 0 0 
52 447 1 430 362 1 1 1 1 1 1 1 0 0 0 0 1 
53 703 0 131 0 1 1 1 1 1 1 0 1 0 1 0 0 
54 479 1 590 324 1 1 1 1 1 0 1 1 1 0 0 0 
55 735 0 284 0 1 1 1 1 1 0 1 1 0 1 0 0 
56 951 1 158 158 1 1 1 1 1 0 1 1 0 0 0 1 
57 863 0 284 0 1 1 1 1 1 0 1 0 1 1 0 0 
58 958 0 145 0 1 1 1 1 1 0 1 0 1 0 0 1 
59 1005 0 139 0 1 1 1 1 1 0 1 0 0 1 1 0 
60 1014 0 139 0 1 1 1 1 1 0 1 0 0 1 0 1 
61 503 0 126 0 1 1 1 1 1 0 1 0 0 0 1 1 
62 509 0 145 0 1 1 1 1 1 0 0 1 0 1 1 0 
63 495 1 158 158 1 1 1 1 1 0 0 0 1 1 1 0 
64 943 0 126 0 1 1 1 1 1 0 0 0 0 1 1 1 
65 957 0 89 0 1 1 1 1 0 0 1 0 0 1 1 1 
66 510 0 89 0 1 1 1 1 0 0 0 1 1 1 1 0 
67 1470 0 20 0 1 1 0 1 1 1 1 0 1 0 0 1 
68 1526 0 38 0 1 1 0 1 1 0 1 0 1 0 1 1 
69 1469 0 38 0 1 1 0 1 1 1 1 0 0 1 1 0 
70 1965 0 36 0 1 1 0 1 1 0 1 0 0 1 1 1 
71 1723 0 20 0 1 1 0 1 1 1 0 1 0 1 1 0 
72 511 1 1997 1172 1 1 1 1 1 1 1 1 1 0 0 0 
73 767 0 933 0 1 1 1 1 1 1 1 1 0 1 0 0 
74 895 0 933 0 1 1 1 1 1 1 1 1 0 0 1 0 
75 959 1 1997 1172 1 1 1 1 1 1 1 1 0 0 0 1 
76 1407 0 131 0 1 1 1 1 1 1 1 0 1 0 1 0 
77 1471 0 1093 0 1 1 1 1 1 1 1 0 1 0 0 1 
78 1727 0 1093 0 1 1 1 1 1 1 1 0 0 1 0 1 
79 2035 0 131 0 1 1 1 1 1 1 0 1 0 1 0 1 
80 991 1 1158 324 1 1 1 1 1 0 1 1 1 1 0 0 
81 1021 0 657 0 1 1 1 1 1 0 1 1 0 1 1 0 
82 1015 0 707 0 1 1 1 1 1 0 1 1 0 1 0 1 
83 1007 0 707 0 1 1 1 1 1 0 1 0 1 1 1 0 
84 1022 0 657 0 1 1 1 1 1 0 1 0 1 1 0 1 
85 1527 0 309 0 1 1 1 1 1 0 1 0 1 0 1 1 
86 1967 0 820 0 1 1 1 1 1 0 1 0 0 1 1 1 
87 1533 0 309 0 1 1 1 1 1 0 0 1 0 1 1 1 
88 1787 0 147 0 1 1 1 1 0 0 1 0 1 1 1 1 
89 1534 0 147 0 1 1 1 1 0 0 0 1 1 1 1 1 
90 1023 1 9746 2668 1 1 1 1 1 1 1 1 1 1 0 0 
91 1535 0 5626 0 1 1 1 1 1 1 1 1 1 0 1 0 
92 1983 1 7000 2344 1 1 1 1 1 1 1 1 1 0 0 1 
93 1791 0 5660 0 1 1 1 1 1 1 1 1 0 1 1 0 
94 2039 0 5626 0 1 1 1 1 1 1 1 1 0 1 0 1 
95 2045 0 2640 0 1 1 1 1 1 0 1 1 0 1 1 1 
96 2031 0 2640 0 1 1 1 1 1 0 1 0 1 1 1 1 
97 2047 1 38938 5012 1 1 1 1 1 1 1 1 1 1 1 0 
98 4095 1 38938 5012 1 1 1 1 1 1 1 1 1 1 1 1 
edges 319 
0 1 1 
1 2 1 
1 3 1 
2 4 1 
2 5 1 
2 6 1 
3 5 1 
3 6 1 
4 7 1 
5 7 1 
5 8 1 
5 9 1 
5 10 1 
6 7 1 
6 8 1 
6 10 1 
6 11 1 
7 12 1 
7 13 1 
7 14 1 
8 12 1 
8 15 1 
8 16 1 
8 17 1 
8 18 1 
9 13 1 
9 15 1 
10 14 1 
10 16 1 
10 13 1 
10 17 1 
11 14 1 
11 18 1 
12 19 1 
12 20 1 
12 21 1 
12 22 1 
12 23 1 
13 20 1 
13 22 1 
13 24 1 
13 25 1 
14 21 1 
14 23 1 
14 24 1 
14 26 1 
15 20 1 
15 25 1 
15 27 0 
15 28 0 
15 29 1 
16 21 1 
16 25 1 
16 30 1 
16 31 0 
17 22 1 
17 27 0 
17 30 1 
17 26 1 
18 23 1 
18 28 0 
18 31 0 
18 26 1 
18 32 1 
19 33 1 
19 34 1 
20 33 1 
20 35 1 
20 36 0 
20 37 0 
20 38 1 
21 34 1 
21 35 1 
21 39 1 
21 40 0 
22 33 1 
22 36 0 
22 39 1 
22 41 1 
23 34 1 
23 37 0 
23 40 0 
23 41 1 
23 42 1 
24 35 1 
24 41 1 
25 38 1 
25 39 1 
25 35 1 
25 43 0 
26 39 1 
26 42 1 
26 41 1 
26 44 0 
27 36 0 
27 39 0 
27 44 0 
27 45 0 
28 37 0 
28 43 0 
28 44 0 
28 46 0 
28 47 0 
29 38 1 
29 45 0 
29 47 0 
30 39 1 
31 40 0 
31 43 0 
31 39 0 
31 48 0 
32 42 1 
32 48 0 
32 46 0 
33 49 1 
33 50 0 
33 51 0 
33 52 1 
34 49 1 
34 52 1 
34 53 0 
34 51 0 
35 49 1 
35 54 1 
35 55 0 
35 56 1 
36 50 0 
36 54 0 
36 57 0 
36 58 0 
37 51 0 
37 55 0 
37 57 0 
37 59 0 
37 60 0 
38 52 1 
38 56 1 
38 58 0 
38 60 0 
38 61 0 
39 52 1 
39 54 1 
40 53 0 
40 55 0 
40 54 0 
40 62 0 
41 49 1 
41 57 0 
41 54 1 
41 63 1 
42 52 1 
42 59 0 
42 62 0 
42 63 1 
42 64 0 
43 61 0 
43 54 0 
43 55 0 
43 65 0 
44 54 0 
44 64 0 
44 57 0 
44 66 0 
45 58 0 
45 67 0 
45 52 0 
45 66 0 
45 68 0 
46 59 0 
46 69 0 
46 65 0 
46 64 0 
46 70 0 
47 60 0 
47 68 0 
47 61 0 
47 66 0 
47 70 0 
48 62 0 
48 71 0 
48 65 0 
48 52 0 
48 69 0 
49 72 1 
49 73 0 
49 74 0 
49 75 1 
50 72 0 
50 74 0 
50 76 0 
50 77 0 
51 73 0 
51 74 0 
51 77 0 
51 78 0 
52 75 1 
52 77 0 
52 78 0 
52 72 1 
53 73 0 
53 75 0 
53 78 0 
53 79 0 
54 72 1 
54 80 1 
54 75 1 
55 73 0 
55 80 0 
55 81 0 
55 82 0 
56 75 1 
56 82 0 
57 74 0 
57 80 0 
57 83 0 
57 84 0 
58 77 0 
58 75 0 
58 84 0 
58 85 0 
59 77 0 
59 81 0 
59 83 0 
59 86 0 
60 78 0 
60 82 0 
60 84 0 
60 86 0 
61 72 0 
61 82 0 
61 85 0 
61 86 0 
62 78 0 
62 81 0 
62 72 0 
62 87 0 
63 72 1 
63 83 0 
64 75 0 
64 86 0 
64 87 0 
64 83 0 
65 86 0 
65 75 0 
65 81 0 
65 88 0 
66 72 0 
66 86 0 
66 84 0 
66 89 0 
67 77 0 
67 89 0 
68 85 0 
68 89 0 
68 78 0 
68 86 0 
69 77 0 
69 88 0 
69 87 0 
69 86 0 
70 86 0 
71 78 0 
71 88 0 
72 90 1 
72 91 0 
72 92 1 
73 90 0 
73 93 0 
73 94 0 
74 91 0 
74 93 0 
74 90 0 
75 92 1 
75 94 0 
75 90 1 
76 91 0 
77 92 0 
77 93 0 
77 91 0 
78 94 0 
78 93 0 
78 92 0 
79 94 0 
80 90 1 
81 93 0 
81 90 0 
81 95 0 
82 94 0 
82 90 0 
82 95 0 
83 91 0 
83 90 0 
83 96 0 
84 93 0 
84 90 0 
84 96 0 
85 91 0 
85 94 0 
85 96 0 
86 92 0 
86 95 0 
86 96 0 
87 94 0 
87 95 0 
87 91 0 
88 96 0 
88 94 0 
88 93 0 
89 91 0 
89 95 0 
89 93 0 
90 97 1 
91 97 0 
92 97 1 
93 97 0 
94 97 0 
95 97 0 
96 97 0 
97 98 1 
