vertices 556
0 0 1 1 1 0 0 0 0 0 0 0 0 0 0 0 0 0 0 
1 1 1 1 1 2 0 0 0 0 0 0 0 0 0 0 0 0 0 
2 2 1 1 1 0 1 0 0 0 0 0 0 0 0 0 0 0 0 
3 3 1 2 2 2 1 0 0 0 0 0 0 0 0 0 0 0 0 
4 17 1 1 1 2 0 0 0 2 0 0 0 0 0 0 0 0 0 
5 7 1 2 2 2 1 1 0 0 0 0 0 0 0 0 0 0 0 
6 19 1 3 3 2 1 0 0 2 0 0 0 0 0 0 0 0 0 
7 25 1 3 3 2 1 0 0 0 2 0 0 0 0 0 0 0 0 
8 52 1 2 2 2 1 0 0 0 0 0 2 0 0 0 0 0 0 
9 49 1 1 1 2 0 0 0 2 2 0 0 0 0 0 0 0 0 
10 15 1 2 2 2 1 1 1 0 0 0 0 0 0 0 0 0 0 
11 23 1 5 5 2 1 1 0 2 0 0 0 0 0 0 0 0 0 
12 27 1 8 8 2 1 1 0 0 2 0 0 0 0 0 0 0 0 
13 29 1 8 8 2 1 1 0 0 0 2 0 0 0 0 0 0 0 
14 54 1 4 4 2 1 1 0 0 0 0 2 0 0 0 0 0 0 
15 60 1 4 4 2 1 1 0 0 0 0 0 2 0 0 0 0 0 
16 51 1 7 7 2 1 0 0 2 2 0 0 0 0 0 0 0 0 
17 53 1 6 6 2 1 0 0 2 0 2 0 0 0 0 0 0 0 
18 57 1 7 7 2 1 0 0 2 0 0 0 2 0 0 0 0 0 
19 163 1 5 5 2 1 0 0 0 2 0 2 0 0 0 0 0 0 
20 153 1 4 4 2 1 0 0 0 2 0 0 2 0 0 0 0 0 
21 197 1 4 4 2 1 0 0 0 2 0 0 0 2 0 0 0 0 
22 1049 1 3 3 2 1 0 0 0 2 0 0 0 0 0 1 0 0 
23 113 1 1 1 2 0 0 0 2 2 2 0 0 0 0 0 0 0 
24 177 1 1 1 2 0 0 0 2 2 0 2 0 0 0 0 0 0 
25 209 0 1 0 2 0 0 0 2 2 0 0 2 0 0 0 0 0 
26 225 1 1 1 2 0 0 0 2 2 0 0 0 2 0 0 0 0 
27 31 1 23 23 2 1 1 1 2 0 0 0 0 0 0 0 0 0 
28 143 1 10 10 2 1 1 1 0 0 0 2 0 0 0 0 0 0 
29 55 1 30 30 2 1 1 0 2 2 0 0 0 0 0 0 0 0 
30 61 1 30 30 2 1 1 0 2 0 2 0 0 0 0 0 0 0 
31 59 1 30 30 2 1 1 0 0 2 2 0 0 0 0 0 0 0 
32 167 1 17 17 2 1 1 0 0 2 0 2 0 0 0 0 0 0 
33 155 1 22 22 2 1 1 0 0 2 0 0 2 0 0 0 0 0 
34 205 1 19 19 2 1 1 0 0 2 0 0 0 2 0 0 0 0 
35 1051 1 19 19 2 1 1 0 0 2 0 0 0 0 0 1 0 0 
36 199 1 22 22 2 1 1 0 0 0 2 2 0 0 0 0 0 0 
37 171 1 17 17 2 1 1 0 0 0 2 0 2 0 0 0 0 0 
38 157 1 19 19 2 1 1 0 0 0 2 0 0 2 0 0 0 0 
39 118 1 8 8 2 1 1 0 0 0 0 2 2 0 0 0 0 0 
40 62 1 8 8 2 1 1 0 0 0 0 2 0 0 1 0 0 0 
41 1114 1 4 4 2 1 1 0 0 0 0 2 0 0 0 0 1 0 
42 236 1 9 9 2 1 1 0 0 0 0 2 0 0 0 0 0 2 
43 1084 1 4 4 2 1 1 0 0 0 0 0 2 0 0 1 0 0 
44 188 1 9 9 2 1 1 0 0 0 0 0 2 0 0 0 0 2 
45 115 1 21 21 2 1 0 0 2 2 2 0 0 0 0 0 0 0 
46 179 1 19 19 2 1 0 0 2 2 0 2 0 0 0 0 0 0 
47 213 0 23 0 2 1 0 0 2 2 0 0 2 0 0 0 0 0 
48 229 1 12 12 2 1 0 0 2 2 0 0 0 2 0 0 0 0 
49 1113 1 14 14 2 1 0 0 2 2 0 0 0 0 0 1 0 0 
50 211 1 7 6 2 1 0 0 2 0 2 2 0 0 0 0 0 0 
51 227 1 19 19 2 1 0 0 2 0 2 0 2 0 0 0 0 0 
52 1081 1 14 14 2 1 0 0 2 0 0 0 2 0 0 1 0 0 
53 185 1 12 12 2 1 0 0 2 0 0 0 2 0 0 0 0 2 
54 244 1 9 9 2 1 0 0 0 2 0 2 2 0 0 0 0 0 
55 248 1 9 9 2 1 0 0 0 2 0 2 0 2 0 0 0 0 
56 1256 1 8 8 2 1 0 0 0 2 0 2 0 0 0 1 0 0 
57 488 1 5 5 2 1 0 0 0 2 0 2 0 0 0 0 0 2 
58 409 1 9 9 2 1 0 0 0 2 0 0 2 2 0 0 0 0 
59 220 1 8 8 2 1 0 0 0 2 0 0 2 0 1 0 0 0 
60 440 1 5 5 2 1 0 0 0 2 0 0 2 0 0 0 0 2 
61 472 1 5 5 2 1 0 0 0 2 0 0 0 2 0 0 0 2 
62 241 0 4 0 2 0 0 0 2 2 2 2 0 0 0 0 0 0 
63 481 1 2 2 2 0 0 0 2 2 0 2 0 2 0 0 0 0 
64 63 1 121 121 2 1 1 1 2 2 0 0 0 0 0 0 0 0 
65 159 1 104 104 2 1 1 1 2 0 0 2 0 0 0 0 0 0 
66 207 1 104 104 2 1 1 1 2 0 0 0 2 0 0 0 0 0 
67 175 1 67 67 2 1 1 1 2 0 0 0 0 2 0 0 0 0 
68 1055 1 42 42 2 1 1 1 2 0 0 0 0 0 1 0 0 0 
69 399 1 18 18 2 1 1 1 0 0 0 2 2 0 0 0 0 0 
70 1086 1 22 22 2 1 1 1 0 0 0 2 0 0 1 0 0 0 
71 1118 1 22 22 2 1 1 1 0 0 0 2 0 0 0 0 1 0 
72 1590 1 28 28 2 1 1 1 0 0 0 2 0 0 0 0 0 2 
73 119 1 119 119 2 1 1 0 2 2 2 0 0 0 0 0 0 0 
74 183 1 66 66 2 1 1 0 2 2 0 2 0 0 0 0 0 0 
75 215 1 134 110 2 1 1 0 2 2 0 0 2 0 0 0 0 0 
76 237 1 89 89 2 1 1 0 2 2 0 0 0 2 0 0 0 0 
77 1115 1 89 89 2 1 1 0 2 2 0 0 0 0 0 1 0 0 
78 235 1 66 66 2 1 1 0 2 0 2 0 2 0 0 0 0 0 
79 189 1 89 89 2 1 1 0 2 0 2 0 0 2 0 0 0 0 
80 1085 1 89 89 2 1 1 0 2 0 2 0 0 0 0 0 1 0 
81 231 1 100 100 2 1 1 0 0 2 2 2 0 0 0 0 0 0 
82 187 1 100 100 2 1 1 0 0 2 2 0 2 0 0 0 0 0 
83 221 0 99 0 2 1 1 0 0 2 2 0 0 2 0 0 0 0 
84 1083 1 82 82 2 1 1 0 0 2 2 0 0 0 0 1 0 0 
85 1117 1 82 82 2 1 1 0 0 2 2 0 0 0 0 0 1 0 
86 246 1 56 56 2 1 1 0 0 2 0 2 2 0 0 0 0 0 
87 461 1 45 45 2 1 1 0 0 2 0 2 0 2 0 0 0 0 
88 190 1 34 34 2 1 1 0 0 2 0 2 0 0 1 0 0 0 
89 1388 1 44 44 2 1 1 0 0 2 0 2 0 0 0 1 0 0 
90 1357 1 30 30 2 1 1 0 0 2 0 2 0 0 0 0 1 0 
91 492 1 31 31 2 1 1 0 0 2 0 2 0 0 0 0 0 2 
92 411 1 71 71 2 1 1 0 0 2 0 0 2 2 0 0 0 0 
93 222 1 60 60 2 1 1 0 0 2 0 0 2 0 1 0 0 0 
94 444 1 55 55 2 1 1 0 0 2 0 0 2 0 0 0 0 2 
95 1229 1 41 41 2 1 1 0 0 2 0 0 0 2 0 0 1 0 
96 1621 1 36 36 2 1 1 0 0 2 0 0 0 2 0 0 0 2 
97 1258 1 44 44 2 1 1 0 0 2 0 0 0 0 0 1 0 2 
98 250 1 56 56 2 1 1 0 0 0 2 2 2 0 0 0 0 0 
99 413 1 71 71 2 1 1 0 0 0 2 2 0 2 0 0 0 0 
100 474 1 55 55 2 1 1 0 0 0 2 2 0 0 0 0 0 2 
101 427 1 45 45 2 1 1 0 0 0 2 0 2 2 0 0 0 0 
102 238 1 34 34 2 1 1 0 0 0 2 0 2 0 1 0 0 0 
103 1195 1 30 30 2 1 1 0 0 0 2 0 2 0 0 1 0 0 
104 490 1 31 31 2 1 1 0 0 0 2 0 2 0 0 0 0 2 
105 1244 1 41 41 2 1 1 0 0 0 2 0 0 2 0 1 0 0 
106 1587 1 36 36 2 1 1 0 0 0 2 0 0 2 0 0 0 2 
107 126 0 16 0 2 1 1 0 0 0 0 2 2 0 1 0 0 0 
108 1148 1 12 12 2 1 1 0 0 0 0 2 2 0 0 1 0 0 
109 1146 1 12 12 2 1 1 0 0 0 0 2 2 0 0 0 1 0 
110 252 0 52 0 2 1 1 0 0 0 0 2 2 0 0 0 0 2 
111 1650 1 18 18 2 1 1 0 0 0 0 2 0 2 0 0 0 2 
112 1260 1 17 17 2 1 1 0 0 0 0 2 0 0 0 1 0 2 
113 1652 1 18 18 2 1 1 0 0 0 0 0 2 2 0 0 0 2 
114 1386 1 17 17 2 1 1 0 0 0 0 0 2 0 0 0 1 2 
115 243 1 70 65 2 1 0 0 2 2 2 2 0 0 0 0 0 0 
116 249 0 88 0 2 1 0 0 2 2 2 0 2 0 0 0 0 0 
117 245 0 88 0 2 1 0 0 2 2 2 0 0 2 0 0 0 0 
118 1145 1 58 58 2 1 0 0 2 2 2 0 0 0 0 1 0 0 
119 485 1 42 42 2 1 0 0 2 2 0 2 0 2 0 0 0 0 
120 1385 1 46 46 2 1 0 0 2 2 0 2 0 0 0 1 0 0 
121 489 1 45 45 2 1 0 0 2 2 0 2 0 0 0 0 0 2 
122 473 0 53 0 2 1 0 0 2 2 0 0 2 2 0 0 0 0 
123 1241 0 51 0 2 1 0 0 2 2 0 0 2 0 0 1 0 0 
124 441 0 53 0 2 1 0 0 2 2 0 0 2 0 0 0 0 2 
125 1369 1 26 26 2 1 0 0 2 2 0 0 0 2 0 1 0 0 
126 442 1 25 25 2 1 0 0 2 2 0 0 0 2 0 0 1 0 
127 946 1 19 19 2 1 0 0 2 2 0 0 0 2 0 0 0 2 
128 1272 1 31 31 2 1 0 0 2 2 0 0 0 0 0 1 0 2 
129 1257 1 46 46 2 1 0 0 2 0 2 0 2 0 0 1 0 0 
130 483 1 42 42 2 1 0 0 2 0 2 0 2 0 0 0 0 2 
131 1400 1 31 31 2 1 0 0 2 0 0 0 2 2 0 1 0 0 
132 1209 1 26 26 2 1 0 0 2 0 0 0 2 0 0 1 0 2 
133 952 1 19 19 2 1 0 0 2 0 0 0 2 2 0 0 0 2 
134 476 1 25 25 2 1 0 0 2 0 0 0 2 0 0 0 1 2 
135 921 1 27 27 2 1 0 0 0 2 0 2 2 2 0 0 0 0 
136 504 0 35 0 2 1 0 0 0 2 0 2 2 0 0 0 0 2 
137 1512 0 13 0 2 1 0 0 0 2 0 2 0 0 0 1 0 2 
138 1733 1 17 17 2 1 0 0 0 2 0 0 2 2 1 0 0 0 
139 1649 0 23 0 2 1 0 0 0 2 0 0 2 2 0 0 0 2 
140 1890 1 5 5 2 1 0 0 0 2 0 0 2 0 0 0 1 2 
141 1764 1 5 5 2 1 0 0 0 2 0 0 0 2 1 0 0 2 
142 497 0 6 0 2 0 0 0 2 2 2 2 2 0 0 0 0 0 
143 945 0 6 0 2 0 0 0 2 2 2 2 0 0 0 0 0 2 
144 1008 0 2 0 2 0 0 0 2 2 0 2 0 2 0 0 0 2 
145 127 1 256 240 2 1 1 1 2 2 2 0 0 0 0 0 0 0 
146 191 1 581 581 2 1 1 1 2 2 0 2 0 0 0 0 0 0 
147 223 1 622 499 2 1 1 1 2 2 0 0 2 0 0 0 0 0 
148 239 1 581 581 2 1 1 1 2 2 0 0 0 2 0 0 0 0 
149 1087 1 460 460 2 1 1 1 2 2 0 0 0 0 1 0 0 0 
150 1119 1 460 460 2 1 1 1 2 2 0 0 0 0 0 1 0 0 
151 415 1 487 487 2 1 1 1 2 0 0 2 2 0 0 0 0 0 
152 431 1 290 290 2 1 1 1 2 0 0 2 0 2 0 0 0 0 
153 1246 1 316 316 2 1 1 1 2 0 0 2 0 0 0 0 1 0 
154 1591 1 312 312 2 1 1 1 2 0 0 2 0 0 0 0 0 2 
155 463 1 290 290 2 1 1 1 2 0 0 0 2 2 0 0 0 0 
156 1231 1 316 316 2 1 1 1 2 0 0 0 2 0 0 1 0 0 
157 1623 1 312 312 2 1 1 1 2 0 0 0 2 0 0 0 0 2 
158 1567 1 197 197 2 1 1 1 2 0 0 0 0 2 1 0 0 0 
159 1359 1 153 153 2 1 1 1 2 0 0 0 0 2 0 1 0 0 
160 1199 1 153 153 2 1 1 1 2 0 0 0 0 2 0 0 1 0 
161 1718 1 157 157 2 1 1 1 2 0 0 0 0 2 0 0 0 2 
162 911 1 18 18 2 1 1 1 0 0 0 2 2 2 0 0 0 0 
163 1150 0 102 0 2 1 1 1 0 0 0 2 2 0 1 0 0 0 
164 1679 1 52 52 2 1 1 1 0 0 0 2 2 0 0 1 0 0 
165 1807 1 52 52 2 1 1 1 0 0 0 2 2 0 0 0 1 0 
166 1654 0 134 0 2 1 1 1 0 0 0 2 2 0 0 0 0 2 
167 3134 1 44 44 2 1 1 1 0 0 0 2 0 0 1 0 1 0 
168 1598 1 114 114 2 1 1 1 0 0 0 2 0 0 1 0 0 2 
169 1630 1 114 114 2 1 1 1 0 0 0 2 0 0 0 0 1 2 
170 3308 1 62 62 2 1 1 1 0 0 0 2 0 0 0 1 0 2 
171 247 1 633 516 2 1 1 0 2 2 2 2 0 0 0 0 0 0 
172 251 1 633 516 2 1 1 0 2 2 2 0 2 0 0 0 0 0 
173 253 0 624 0 2 1 1 0 2 2 2 0 0 2 0 0 0 0 
174 1147 1 431 431 2 1 1 0 2 2 2 0 0 0 0 1 0 0 
175 1149 1 431 431 2 1 1 0 2 2 2 0 0 0 0 0 1 0 
176 493 1 318 318 2 1 1 0 2 2 0 2 0 2 0 0 0 0 
177 1389 1 330 330 2 1 1 0 2 2 0 2 0 0 0 1 0 0 
178 475 1 472 390 2 1 1 0 2 2 0 0 2 2 0 0 0 0 
179 1243 1 363 288 2 1 1 0 2 2 0 0 2 0 0 1 0 0 
180 445 1 472 390 2 1 1 0 2 2 0 0 2 0 0 0 0 2 
181 1371 1 416 416 2 1 1 0 2 2 0 0 0 2 0 1 0 0 
182 1261 1 218 218 2 1 1 0 2 2 0 0 0 2 0 0 1 0 
183 1778 1 204 204 2 1 1 0 2 2 0 0 0 2 0 0 0 2 
184 1274 1 232 232 2 1 1 0 2 2 0 0 0 0 0 1 0 2 
185 491 1 318 318 2 1 1 0 2 0 2 0 2 2 0 0 0 0 
186 1259 1 330 330 2 1 1 0 2 0 2 0 2 0 0 1 0 0 
187 1387 1 218 218 2 1 1 0 2 0 2 0 0 2 0 1 0 0 
188 1211 1 416 416 2 1 1 0 2 0 2 0 0 2 0 0 1 0 
189 1715 1 204 204 2 1 1 0 2 0 2 0 0 2 0 0 0 2 
190 1404 1 232 232 2 1 1 0 2 0 2 0 0 0 0 0 1 2 
191 487 1 396 396 2 1 1 0 0 2 2 2 2 0 0 0 0 0 
192 477 0 481 0 2 1 1 0 0 2 2 2 0 2 0 0 0 0 
193 446 1 274 274 2 1 1 0 0 2 2 2 0 0 1 0 0 0 
194 1595 1 308 308 2 1 1 0 0 2 2 2 0 0 0 1 0 0 
195 950 1 250 250 2 1 1 0 0 2 2 2 0 0 0 0 0 2 
196 443 0 481 0 2 1 1 0 0 2 2 0 2 2 0 0 0 0 
197 478 1 274 274 2 1 1 0 0 2 2 0 2 0 1 0 0 0 
198 1629 1 308 308 2 1 1 0 0 2 2 0 2 0 0 0 1 0 
199 956 1 250 250 2 1 1 0 0 2 2 0 2 0 0 0 0 2 
200 1245 0 396 0 2 1 1 0 0 2 2 0 0 2 0 1 0 0 
201 1749 0 294 0 2 1 1 0 0 2 2 0 0 2 0 0 0 2 
202 3131 1 246 246 2 1 1 0 0 2 2 0 0 0 0 1 1 0 
203 1693 1 202 202 2 1 1 0 0 2 2 0 0 0 0 1 0 2 
204 1819 1 202 202 2 1 1 0 0 2 2 0 0 0 0 0 1 2 
205 923 1 199 199 2 1 1 0 0 2 0 2 2 2 0 0 0 0 
206 254 0 308 0 2 1 1 0 0 2 0 2 2 0 1 0 0 0 
207 1658 1 116 116 2 1 1 0 0 2 0 2 2 0 0 0 1 0 
208 508 0 296 0 2 1 1 0 0 2 0 2 2 0 0 0 0 2 
209 1703 1 97 97 2 1 1 0 0 2 0 2 0 2 1 0 0 0 
210 1402 0 228 0 2 1 1 0 0 2 0 2 0 2 0 0 1 0 
211 1906 0 189 0 2 1 1 0 0 2 0 2 0 2 0 0 0 2 
212 1390 1 95 95 2 1 1 0 0 2 0 2 0 0 1 1 0 0 
213 494 1 130 130 2 1 1 0 0 2 0 2 0 0 1 0 0 2 
214 3418 1 91 91 2 1 1 0 0 2 0 2 0 0 0 1 1 0 
215 1514 0 197 0 2 1 1 0 0 2 0 2 0 0 0 1 0 2 
216 1882 1 61 61 2 1 1 0 0 2 0 2 0 0 0 0 1 2 
217 1735 1 219 219 2 1 1 0 0 2 0 0 2 2 1 0 0 0 
218 1741 1 187 187 2 1 1 0 0 2 0 0 2 2 0 0 1 0 
219 1653 0 291 0 2 1 1 0 0 2 0 0 2 2 0 0 0 2 
220 1898 1 123 123 2 1 1 0 0 2 0 0 2 0 0 0 1 2 
221 1850 1 128 128 2 1 1 0 0 2 0 0 0 2 0 0 1 2 
222 1766 1 66 66 2 1 1 0 0 2 0 0 0 2 1 0 0 2 
223 1262 1 95 95 2 1 1 0 0 2 0 0 0 0 1 1 0 2 
224 3243 1 91 91 2 1 1 0 0 2 0 0 0 0 0 1 1 2 
225 925 1 199 199 2 1 1 0 0 0 2 2 2 2 0 0 0 0 
226 1660 1 116 116 2 1 1 0 0 0 2 2 2 0 0 1 0 0 
227 506 0 296 0 2 1 1 0 0 0 2 2 2 0 0 0 0 2 
228 1835 1 187 187 2 1 1 0 0 0 2 2 0 2 0 1 0 0 
229 1651 0 291 0 2 1 1 0 0 0 2 2 0 2 0 0 0 2 
230 1772 1 123 123 2 1 1 0 0 0 2 2 0 0 0 1 0 2 
231 1863 1 97 97 2 1 1 0 0 0 2 0 2 2 1 0 0 0 
232 1276 0 228 0 2 1 1 0 0 0 2 0 2 2 0 1 0 0 
233 1780 0 189 0 2 1 1 0 0 0 2 0 2 2 0 0 0 2 
234 1724 1 61 61 2 1 1 0 0 0 2 0 2 0 0 1 0 2 
235 1756 1 128 128 2 1 1 0 0 0 2 0 0 2 0 1 0 2 
236 1894 1 66 66 2 1 1 0 0 0 2 0 0 2 1 0 0 2 
237 1931 1 12 12 2 1 1 0 0 0 0 2 2 2 0 1 0 0 
238 3194 1 24 24 2 1 1 0 0 0 0 2 2 0 0 1 1 0 
239 1933 1 12 12 2 1 1 0 0 0 0 2 2 2 0 0 1 0 
240 1955 0 132 0 2 1 1 0 0 0 0 2 2 2 0 0 0 2 
241 1962 1 66 66 2 1 1 0 0 0 0 2 0 2 0 1 0 2 
242 1996 1 66 66 2 1 1 0 0 0 0 0 2 2 0 0 1 2 
243 499 0 336 0 2 1 0 0 2 2 2 2 2 0 0 0 0 0 
244 1657 1 243 215 2 1 0 0 2 2 2 2 0 0 0 1 0 0 
245 949 1 121 110 2 1 0 0 2 2 2 2 0 0 0 0 0 2 
246 505 0 368 0 2 1 0 0 2 2 2 0 2 2 0 0 0 0 
247 1273 0 353 0 2 1 0 0 2 2 2 0 2 0 0 1 0 0 
248 953 0 235 0 2 1 0 0 2 2 2 0 2 0 0 0 0 2 
249 1401 0 353 0 2 1 0 0 2 2 2 0 0 2 0 1 0 0 
250 947 0 235 0 2 1 0 0 2 2 2 0 0 2 0 0 0 2 
251 1945 1 147 147 2 1 0 0 2 2 2 0 0 0 0 1 0 2 
252 1784 1 164 164 2 1 0 0 2 2 0 2 0 2 0 1 0 0 
253 1010 0 204 0 2 1 0 0 2 2 0 2 0 2 0 0 0 2 
254 1513 0 247 0 2 1 0 0 2 2 0 2 0 0 0 1 0 2 
255 1765 0 123 0 2 1 0 0 2 2 0 0 2 2 0 0 1 0 
256 1777 0 173 0 2 1 0 0 2 2 0 0 2 2 0 0 0 2 
257 1891 0 123 0 2 1 0 0 2 2 0 0 2 0 0 0 1 2 
258 954 1 88 88 2 1 0 0 2 2 0 0 0 2 0 0 1 2 
259 1721 1 164 164 2 1 0 0 2 0 2 0 2 0 0 1 0 2 
260 2017 0 91 0 2 1 0 0 0 2 0 2 2 2 0 0 0 2 
261 3781 1 17 17 2 1 0 0 0 2 0 0 2 2 1 0 1 0 
262 1009 0 14 0 2 0 0 0 2 2 2 2 2 2 0 0 0 0 
263 255 1 4238 2933 2 1 1 1 2 2 2 2 0 0 0 0 0 0 
264 1151 1 2627 2509 2 1 1 1 2 2 2 0 0 0 1 0 0 0 
265 447 1 3840 3037 2 1 1 1 2 2 0 2 2 0 0 0 0 0 
266 495 1 2904 2904 2 1 1 1 2 2 0 2 0 2 0 0 0 0 
267 1215 1 1610 1610 2 1 1 1 2 2 0 2 0 0 1 0 0 0 
268 1631 1 2302 2302 2 1 1 1 2 2 0 2 0 0 0 1 0 0 
269 1391 1 1967 1967 2 1 1 1 2 2 0 2 0 0 0 0 1 0 
270 1719 1 1919 1919 2 1 1 1 2 2 0 2 0 0 0 0 0 2 
271 479 1 3840 3037 2 1 1 1 2 2 0 0 2 2 0 0 0 0 
272 1247 1 2933 2339 2 1 1 1 2 2 0 0 2 0 1 0 0 0 
273 1751 1 2703 2122 2 1 1 1 2 2 0 0 2 0 0 0 0 2 
274 1599 1 2302 2302 2 1 1 1 2 2 0 0 0 2 1 0 0 0 
275 1375 1 1610 1610 2 1 1 1 2 2 0 0 0 2 0 1 0 0 
276 1263 1 1967 1967 2 1 1 1 2 2 0 0 0 2 0 0 1 0 
277 1879 1 1919 1919 2 1 1 1 2 2 0 0 0 2 0 0 0 2 
278 3135 1 1842 1842 2 1 1 1 2 2 0 0 0 0 1 1 0 0 
279 1695 1 1433 1433 2 1 1 1 2 2 0 0 0 0 1 0 0 2 
280 1823 1 1433 1433 2 1 1 1 2 2 0 0 0 0 0 1 0 2 
281 927 1 1483 1483 2 1 1 1 2 0 0 2 2 2 0 0 0 0 
282 1743 1 1692 1692 2 1 1 1 2 0 0 2 2 0 0 1 0 0 
283 1839 1 1692 1692 2 1 1 1 2 0 0 2 2 0 0 0 1 0 
284 1655 0 2451 0 2 1 1 1 2 0 0 2 2 0 0 0 0 2 
285 1871 1 708 708 2 1 1 1 2 0 0 2 0 2 0 1 0 0 
286 1278 0 1724 0 2 1 1 1 2 0 0 2 0 2 0 0 1 0 
287 1782 0 1648 0 2 1 1 1 2 0 0 2 0 2 0 0 0 2 
288 1758 1 1560 1560 2 1 1 1 2 0 0 2 0 0 0 0 1 2 
289 3309 1 781 781 2 1 1 1 2 0 0 2 0 0 0 1 0 2 
290 1406 0 1724 0 2 1 1 1 2 0 0 0 2 2 0 1 0 0 
291 1711 1 708 708 2 1 1 1 2 0 0 0 2 2 0 0 1 0 
292 1910 0 1648 0 2 1 1 1 2 0 0 0 2 2 0 0 0 2 
293 1854 1 1560 1560 2 1 1 1 2 0 0 0 2 0 0 1 0 2 
294 3548 1 781 781 2 1 1 1 2 0 0 0 2 0 0 0 1 2 
295 3422 1 536 536 2 1 1 1 2 0 0 0 0 2 1 1 0 0 
296 3247 1 536 536 2 1 1 1 2 0 0 0 0 2 1 0 1 0 
297 3564 0 613 0 2 1 1 1 2 0 0 0 0 2 1 0 0 2 
298 3262 1 578 578 2 1 1 1 2 0 0 0 0 2 0 1 1 0 
299 1886 1 615 615 2 1 1 1 2 0 0 0 0 2 0 1 0 2 
300 1726 1 615 615 2 1 1 1 2 0 0 0 0 2 0 0 1 2 
301 1935 0 248 0 2 1 1 1 0 0 0 2 2 2 1 0 0 0 
302 4037 0 301 0 2 1 1 1 0 0 0 2 2 2 0 0 0 2 
303 3198 0 274 0 2 1 1 1 0 0 0 2 2 0 1 1 0 0 
304 1662 0 1004 0 2 1 1 1 0 0 0 2 2 0 1 0 0 2 
305 3727 1 128 128 2 1 1 1 0 0 0 2 2 0 0 1 1 0 
306 3324 0 753 0 2 1 1 1 0 0 0 2 2 0 0 1 0 2 
307 3533 0 753 0 2 1 1 1 0 0 0 2 2 0 0 0 1 2 
308 3310 1 362 362 2 1 1 1 0 0 0 2 0 0 1 1 0 2 
309 3534 1 362 362 2 1 1 1 0 0 0 2 0 0 0 1 1 2 
310 503 1 1998 1428 2 1 1 0 2 2 2 2 2 0 0 0 0 0 
311 509 0 3528 0 2 1 1 0 2 2 2 2 0 2 0 0 0 0 
312 1659 1 2352 1916 2 1 1 0 2 2 2 2 0 0 0 1 0 0 
313 1405 1 3230 2603 2 1 1 0 2 2 2 2 0 0 0 0 1 0 
314 951 1 2228 1783 2 1 1 0 2 2 2 2 0 0 0 0 0 2 
315 507 0 3528 0 2 1 1 0 2 2 2 0 2 2 0 0 0 0 
316 1275 1 3230 2603 2 1 1 0 2 2 2 0 2 0 0 1 0 0 
317 1661 1 2352 1916 2 1 1 0 2 2 2 0 2 0 0 0 1 0 
318 957 1 2228 1783 2 1 1 0 2 2 2 0 2 0 0 0 0 2 
319 1403 0 3147 0 2 1 1 0 2 2 2 0 0 2 0 1 0 0 
320 1277 0 3147 0 2 1 1 0 2 2 2 0 0 2 0 0 1 0 
321 1971 0 1928 0 2 1 1 0 2 2 2 0 0 2 0 0 0 2 
322 3195 1 1506 1506 2 1 1 0 2 2 2 0 0 0 0 1 1 0 
323 1949 1 1223 1223 2 1 1 0 2 2 2 0 0 0 0 1 0 2 
324 1947 1 1223 1223 2 1 1 0 2 2 2 0 0 0 0 0 1 2 
325 1883 1 1741 1741 2 1 1 0 2 2 0 2 0 2 0 1 0 0 
326 1517 0 2066 0 2 1 1 0 2 2 0 2 0 2 0 0 1 0 
327 2034 0 915 0 2 1 1 0 2 2 0 2 0 2 0 0 0 2 
328 3546 1 544 544 2 1 1 0 2 2 0 2 0 0 0 1 1 0 
329 1773 1 1366 1133 2 1 1 0 2 2 0 0 2 2 0 0 1 0 
330 1779 0 2443 0 2 1 1 0 2 2 0 0 2 2 0 0 0 2 
331 1899 1 1366 1133 2 1 1 0 2 2 0 0 2 0 0 0 1 2 
332 3419 1 1407 1407 2 1 1 0 2 2 0 0 0 2 0 1 1 0 
333 1786 1 1836 1836 2 1 1 0 2 2 0 0 0 2 0 1 0 2 
334 1978 1 868 868 2 1 1 0 2 2 0 0 0 2 0 0 1 2 
335 3322 1 529 529 2 1 1 0 2 2 0 0 0 0 0 1 1 2 
336 1515 0 2066 0 2 1 1 0 2 0 2 0 2 2 0 1 0 0 
337 1725 1 1741 1741 2 1 1 0 2 0 2 0 2 2 0 0 1 0 
338 2036 0 915 0 2 1 1 0 2 0 2 0 2 2 0 0 0 2 
339 3307 1 544 544 2 1 1 0 2 0 2 0 2 0 0 1 1 0 
340 3259 1 1407 1407 2 1 1 0 2 0 2 0 0 2 0 1 1 0 
341 2012 1 868 868 2 1 1 0 2 0 2 0 0 2 0 1 0 2 
342 1723 1 1836 1836 2 1 1 0 2 0 2 0 0 2 0 0 1 2 
343 3531 1 529 529 2 1 1 0 2 0 2 0 0 0 0 1 1 2 
344 955 0 2314 0 2 1 1 0 0 2 2 2 2 2 0 0 0 0 
345 510 0 1974 0 2 1 1 0 0 2 2 2 2 0 1 0 0 0 
346 1014 0 1780 0 2 1 1 0 0 2 2 2 2 0 0 0 0 2 
347 1767 0 1551 0 2 1 1 0 0 2 2 2 0 2 1 0 0 0 
348 1851 0 2349 0 2 1 1 0 0 2 2 2 0 2 0 1 0 0 
349 1907 0 2169 0 2 1 1 0 0 2 2 2 0 2 0 0 0 2 
350 1902 1 866 866 2 1 1 0 0 2 2 2 0 0 1 1 0 0 
351 958 1 1266 1266 2 1 1 0 0 2 2 2 0 0 1 0 0 2 
352 2028 0 1582 0 2 1 1 0 0 2 2 2 0 0 0 1 0 2 
353 1895 0 1551 0 2 1 1 0 0 2 2 0 2 2 1 0 0 0 
354 1757 0 2349 0 2 1 1 0 0 2 2 0 2 2 0 0 1 0 
355 1781 0 2169 0 2 1 1 0 0 2 2 0 2 2 0 0 0 2 
356 1774 1 866 866 2 1 1 0 0 2 2 0 2 0 1 0 1 0 
357 2026 0 1582 0 2 1 1 0 0 2 2 0 2 0 0 0 1 2 
358 3387 0 642 0 2 1 1 0 0 2 2 0 0 2 0 1 1 0 
359 3797 0 689 0 2 1 1 0 0 2 2 0 0 2 1 0 0 2 
360 3450 0 1312 0 2 1 1 0 0 2 2 0 0 0 0 1 1 2 
361 1966 1 460 460 2 1 1 0 0 2 2 0 0 0 1 1 0 2 
362 1998 1 460 460 2 1 1 0 0 2 2 0 0 0 1 0 1 2 
363 1959 0 1251 0 2 1 1 0 0 2 0 2 2 2 1 0 0 0 
364 1997 0 1087 0 2 1 1 0 0 2 0 2 2 2 0 0 1 0 
365 2019 0 1556 0 2 1 1 0 0 2 0 2 2 2 0 0 0 2 
366 1914 0 1305 0 2 1 1 0 0 2 0 2 2 0 0 0 1 2 
367 2022 0 922 0 2 1 1 0 0 2 0 2 0 2 1 0 0 2 
368 1518 0 517 0 2 1 1 0 0 2 0 2 0 0 1 1 0 2 
369 3562 0 501 0 2 1 1 0 0 2 0 2 0 0 0 1 1 2 
370 3783 1 610 610 2 1 1 0 0 2 0 0 2 2 1 0 1 0 
371 3321 0 1271 0 2 1 1 0 0 2 0 0 2 2 0 0 1 2 
372 3814 1 194 194 2 1 1 0 0 2 0 0 0 2 1 0 1 2 
373 1963 0 1087 0 2 1 1 0 0 0 2 2 2 2 0 1 0 0 
374 2021 0 1556 0 2 1 1 0 0 0 2 2 2 2 0 0 0 2 
375 1788 0 1305 0 2 1 1 0 0 0 2 2 2 0 0 1 0 2 
376 3545 0 1271 0 2 1 1 0 0 0 2 2 0 2 0 1 0 2 
377 3804 1 194 194 2 1 1 0 0 0 2 0 0 2 1 1 0 2 
378 3979 0 48 0 2 1 1 0 0 0 0 2 2 2 0 1 1 0 
379 1011 0 1513 0 2 1 0 0 2 2 2 2 2 2 0 0 0 0 
380 1785 0 1786 0 2 1 0 0 2 2 2 2 2 0 0 1 0 0 
381 2025 0 849 0 2 1 0 0 2 2 2 2 0 0 0 1 0 2 
382 1529 0 1321 0 2 1 0 0 2 2 2 0 2 2 0 1 0 0 
383 2033 0 1320 0 2 1 0 0 2 2 2 0 2 2 0 0 0 2 
384 1977 0 899 0 2 1 0 0 2 2 2 0 2 0 0 1 0 2 
385 2009 0 899 0 2 1 0 0 2 2 2 0 0 2 0 1 0 2 
386 2040 0 779 0 2 1 0 0 2 2 0 2 0 2 0 1 0 2 
387 3825 0 507 0 2 1 0 0 2 2 0 0 2 2 0 0 1 2 
388 9201 0 14 0 2 0 0 0 2 2 2 2 2 2 0 0 0 2 
389 511 1 25850 13339 2 1 1 1 2 2 2 2 2 0 0 0 0 0 
390 1279 1 25316 16998 2 1 1 1 2 2 2 2 0 0 1 0 0 0 
391 1663 1 19628 13878 2 1 1 1 2 2 2 2 0 0 0 1 0 0 
392 1407 1 25316 16998 2 1 1 1 2 2 2 2 0 0 0 0 1 0 
393 1975 1 18414 12459 2 1 1 1 2 2 2 2 0 0 0 0 0 2 
394 3199 1 9633 9241 2 1 1 1 2 2 2 0 0 0 1 1 0 0 
395 1951 1 9670 9304 2 1 1 1 2 2 2 0 0 0 1 0 0 2 
396 959 1 20103 15293 2 1 1 1 2 2 0 2 2 2 0 0 0 0 
397 1759 1 22042 17088 2 1 1 1 2 2 0 2 2 0 0 1 0 0 
398 1903 1 14342 11319 2 1 1 1 2 2 0 2 2 0 0 0 1 0 
399 1783 0 22252 0 2 1 1 1 2 2 0 2 2 0 0 0 0 2 
400 1727 1 15068 15068 2 1 1 1 2 2 0 2 0 2 1 0 0 0 
401 1887 1 15068 15068 2 1 1 1 2 2 0 2 0 2 0 1 0 0 
402 1519 0 16909 0 2 1 1 1 2 2 0 2 0 2 0 0 1 0 
403 2038 0 14570 0 2 1 1 1 2 2 0 2 0 2 0 0 0 2 
404 3263 1 11802 11802 2 1 1 1 2 2 0 2 0 0 1 1 0 0 
405 3550 1 7358 7358 2 1 1 1 2 2 0 2 0 0 0 1 1 0 
406 3565 0 13097 0 2 1 1 1 2 2 0 2 0 0 0 1 0 2 
407 2014 1 10396 10396 2 1 1 1 2 2 0 2 0 0 0 0 1 2 
408 1855 1 22042 17088 2 1 1 1 2 2 0 0 2 2 1 0 0 0 
409 1775 1 14342 11319 2 1 1 1 2 2 0 0 2 2 0 0 1 0 
410 1911 0 22252 0 2 1 1 1 2 2 0 0 2 2 0 0 0 2 
411 3391 1 5417 4181 2 1 1 1 2 2 0 0 2 0 1 1 0 0 
412 3799 1 8296 6560 2 1 1 1 2 2 0 0 2 0 0 0 1 2 
413 3423 1 11802 11802 2 1 1 1 2 2 0 0 0 2 1 1 0 0 
414 3311 1 7358 7358 2 1 1 1 2 2 0 0 0 2 1 0 1 0 
415 3580 0 13097 0 2 1 1 1 2 2 0 0 0 2 1 0 0 2 
416 1982 1 10396 10396 2 1 1 1 2 2 0 0 0 2 0 0 1 2 
417 3454 0 10814 0 2 1 1 1 2 2 0 0 0 0 1 1 0 2 
418 3743 1 3794 3794 2 1 1 1 2 2 0 0 0 0 1 0 1 2 
419 3759 1 3794 3794 2 1 1 1 2 2 0 0 0 0 0 1 1 2 
420 1999 0 9876 0 2 1 1 1 2 0 0 2 2 2 0 1 0 0 
421 1967 0 9876 0 2 1 1 1 2 0 0 2 2 2 0 0 1 0 
422 4053 0 13260 0 2 1 1 1 2 0 0 2 2 2 0 0 0 2 
423 3791 1 5628 5628 2 1 1 1 2 0 0 2 2 0 0 1 1 0 
424 3325 0 13206 0 2 1 1 1 2 0 0 2 2 0 0 1 0 2 
425 3549 0 13206 0 2 1 1 1 2 0 0 2 2 0 0 0 1 2 
426 3326 0 5932 0 2 1 1 1 2 0 0 2 0 2 0 1 1 0 
427 3830 0 7794 0 2 1 1 1 2 0 0 2 0 2 0 1 0 2 
428 1790 0 12532 0 2 1 1 1 2 0 0 2 0 2 0 0 1 2 
429 3806 1 5170 5170 2 1 1 1 2 0 0 2 0 0 0 1 1 2 
430 3535 0 5932 0 2 1 1 1 2 0 0 0 2 2 0 1 1 0 
431 1918 0 12532 0 2 1 1 1 2 0 0 0 2 2 0 1 0 2 
432 3836 0 7794 0 2 1 1 1 2 0 0 0 2 2 0 0 1 2 
433 3822 1 5170 5170 2 1 1 1 2 0 0 0 2 0 0 1 1 2 
434 7343 1 2374 2374 2 1 1 1 2 0 0 0 0 2 1 1 1 0 
435 3566 0 4657 0 2 1 1 1 2 0 0 0 0 2 1 1 0 2 
436 3774 1 1808 1808 2 1 1 1 2 0 0 0 0 2 0 1 1 2 
437 3983 0 698 0 2 1 1 1 0 0 0 2 2 2 1 1 0 0 
438 4039 0 7094 0 2 1 1 1 0 0 0 2 2 2 1 0 0 2 
439 7294 0 402 0 2 1 1 1 0 0 0 2 2 0 1 1 1 0 
440 4046 0 4590 0 2 1 1 1 0 0 0 2 2 0 0 1 1 2 
441 1015 0 19117 0 2 1 1 0 2 2 2 2 2 2 0 0 0 0 
442 1787 1 21063 14138 2 1 1 0 2 2 2 2 2 0 0 1 0 0 
443 1915 0 19743 0 2 1 1 0 2 2 2 2 0 2 0 1 0 0 
444 1531 0 25263 0 2 1 1 0 2 2 2 2 0 2 0 0 1 0 
445 2035 0 17600 0 2 1 1 0 2 2 2 2 0 2 0 0 0 2 
446 3547 1 12205 9638 2 1 1 0 2 2 2 2 0 0 0 1 1 0 
447 2029 0 14309 0 2 1 1 0 2 2 2 2 0 0 0 1 0 2 
448 2011 1 9321 7350 2 1 1 0 2 2 2 2 0 0 0 0 1 2 
449 1789 0 19743 0 2 1 1 0 2 2 2 0 2 2 0 0 1 0 
450 2037 0 17600 0 2 1 1 0 2 2 2 0 2 2 0 0 0 2 
451 3323 1 12205 9638 2 1 1 0 2 2 2 0 2 0 0 1 1 0 
452 1981 1 9321 7350 2 1 1 0 2 2 2 0 2 0 0 1 0 2 
453 2027 0 14309 0 2 1 1 0 2 2 2 0 2 0 0 0 1 2 
454 3451 0 17266 0 2 1 1 0 2 2 2 0 0 2 0 1 1 0 
455 2013 0 15651 0 2 1 1 0 2 2 2 0 0 2 0 1 0 2 
456 1979 0 15651 0 2 1 1 0 2 2 2 0 0 2 0 0 1 2 
457 3995 0 8544 0 2 1 1 0 2 2 2 0 0 0 0 1 1 2 
458 3578 0 10987 0 2 1 1 0 2 2 0 2 0 2 0 1 1 0 
459 2042 0 12872 0 2 1 1 0 2 2 0 2 0 2 0 1 0 2 
460 3827 0 11746 0 2 1 1 0 2 2 0 0 2 2 0 0 1 2 
461 3771 1 9280 9280 2 1 1 0 2 2 0 0 0 2 0 1 1 2 
462 3563 0 10987 0 2 1 1 0 2 0 2 0 2 2 0 1 1 0 
463 2044 0 12872 0 2 1 1 0 2 0 2 0 2 2 0 1 0 2 
464 2023 0 12675 0 2 1 1 0 0 2 2 2 2 2 1 0 0 0 
465 4081 0 13371 0 2 1 1 0 0 2 2 2 2 2 0 0 0 2 
466 1022 0 5020 0 2 1 1 0 0 2 2 2 2 0 1 0 0 2 
467 3815 0 7990 0 2 1 1 0 0 2 2 2 0 2 1 1 0 0 
468 3829 0 10824 0 2 1 1 0 0 2 2 2 0 2 1 0 0 2 
469 3577 0 16063 0 2 1 1 0 0 2 2 2 0 2 0 1 0 2 
470 2030 0 8521 0 2 1 1 0 0 2 2 2 0 0 1 1 0 2 
471 3805 0 7990 0 2 1 1 0 0 2 2 0 2 2 1 0 1 0 
472 4067 0 6118 0 2 1 1 0 0 2 0 2 2 2 0 0 1 2 
473 4057 0 6118 0 2 1 1 0 0 0 2 2 2 2 0 1 0 2 
474 2041 0 9366 0 2 1 0 0 2 2 2 2 2 2 0 1 0 0 
475 9203 0 2847 0 2 1 0 0 2 2 2 2 2 2 0 0 0 2 
476 1023 1 70090 28632 2 1 1 1 2 2 2 2 2 2 0 0 0 0 
477 1535 1 118654 47335 2 1 1 1 2 2 2 2 2 0 1 0 0 0 
478 1791 1 197836 101828 2 1 1 1 2 2 2 2 2 0 0 1 0 0 
479 1919 1 197836 101828 2 1 1 1 2 2 2 2 2 0 0 0 1 0 
480 2039 0 170330 0 2 1 1 1 2 2 2 2 2 0 0 0 0 2 
481 3327 1 119422 80234 2 1 1 1 2 2 2 2 0 0 1 1 0 0 
482 3455 1 161450 105198 2 1 1 1 2 2 2 2 0 0 1 0 1 0 
483 1983 1 155857 103956 2 1 1 1 2 2 2 2 0 0 1 0 0 2 
484 3551 1 119422 80234 2 1 1 1 2 2 2 2 0 0 0 1 1 0 
485 4055 0 131174 0 2 1 1 1 2 2 2 2 0 0 0 1 0 2 
486 2015 1 155857 103956 2 1 1 1 2 2 2 2 0 0 0 0 1 2 
487 7295 1 15663 14869 2 1 1 1 2 2 2 0 0 0 1 1 1 0 
488 3999 0 66699 0 2 1 1 1 2 2 2 0 0 0 1 1 0 2 
489 2031 0 135262 0 2 1 1 1 2 2 0 2 2 2 0 0 1 0 
490 4085 0 151832 0 2 1 1 1 2 2 0 2 2 2 0 0 0 2 
491 3807 1 86825 66555 2 1 1 1 2 2 0 2 2 0 0 1 1 0 
492 3581 0 182520 0 2 1 1 1 2 2 0 2 2 0 0 1 0 2 
493 3831 0 126589 0 2 1 1 1 2 2 0 2 2 0 0 0 1 2 
494 3775 1 93208 93208 2 1 1 1 2 2 0 2 0 2 1 1 0 0 
495 3567 0 109156 0 2 1 1 1 2 2 0 2 0 2 1 0 1 0 
496 4092 0 63401 0 2 1 1 1 2 2 0 2 0 2 1 0 0 2 
497 3582 0 109156 0 2 1 1 1 2 2 0 2 0 2 0 1 1 0 
498 4086 0 63401 0 2 1 1 1 2 2 0 2 0 2 0 1 0 2 
499 2046 0 116620 0 2 1 1 1 2 2 0 2 0 2 0 0 1 2 
500 7359 1 26704 26704 2 1 1 1 2 2 0 2 0 0 1 1 1 0 
501 4062 0 76364 0 2 1 1 1 2 2 0 2 0 0 0 1 1 2 
502 3823 1 86825 66555 2 1 1 1 2 2 0 0 2 2 1 0 1 0 
503 3837 0 126589 0 2 1 1 1 2 2 0 0 2 2 0 0 1 2 
504 7407 1 26704 26704 2 1 1 1 2 2 0 0 0 2 1 1 1 0 
505 4078 0 76364 0 2 1 1 1 2 2 0 0 0 2 1 0 1 2 
506 7422 0 37632 0 2 1 1 1 2 2 0 0 0 0 1 1 1 2 
507 4047 0 58170 0 2 1 1 1 2 0 0 2 2 2 0 1 1 0 
508 4071 0 106196 0 2 1 1 1 2 0 0 2 2 2 0 1 0 2 
509 4061 0 106196 0 2 1 1 1 2 0 0 2 2 2 0 0 1 2 
510 7421 0 80216 0 2 1 1 1 2 0 0 2 2 0 0 1 1 2 
511 3838 0 73944 0 2 1 1 1 2 0 0 2 0 2 0 1 1 2 
512 7662 0 8839 0 2 1 1 1 2 0 0 0 0 2 1 1 1 2 
513 8079 0 1100 0 2 1 1 1 0 0 0 2 2 2 1 1 1 0 
514 2043 0 164305 0 2 1 1 0 2 2 2 2 2 2 0 1 0 0 
515 2045 0 164305 0 2 1 1 0 2 2 2 2 2 2 0 0 1 0 
516 9207 0 70535 0 2 1 1 0 2 2 2 2 2 2 0 0 0 2 
517 3835 1 66499 42694 2 1 1 0 2 2 2 2 2 0 0 1 1 0 
518 3579 0 144462 0 2 1 1 0 2 2 2 2 0 2 0 1 1 0 
519 4083 0 136839 0 2 1 1 0 2 2 2 2 0 2 0 1 0 2 
520 4059 0 61484 0 2 1 1 0 2 2 2 2 0 0 0 1 1 2 
521 4089 0 136839 0 2 1 1 0 2 2 2 0 2 2 0 0 1 2 
522 4075 0 61484 0 2 1 1 0 2 2 2 0 2 0 0 1 1 2 
523 4027 0 66392 0 2 1 1 0 2 2 2 0 0 2 0 1 1 2 
524 4090 0 56998 0 2 1 1 0 2 2 0 2 0 2 0 1 1 2 
525 8177 0 41890 0 2 1 1 0 0 2 2 2 2 2 1 0 0 2 
526 7673 0 51388 0 2 1 1 0 0 2 2 2 0 2 1 1 0 2 
527 10233 0 12213 0 2 1 0 0 2 2 2 2 2 2 0 1 0 2 
528 2047 1 1646952 487535 2 1 1 1 2 2 2 2 2 2 1 0 0 0 
529 9215 0 504677 0 2 1 1 1 2 2 2 2 2 2 0 0 0 2 
530 3583 1 1459914 516657 2 1 1 1 2 2 2 2 2 0 1 1 0 0 
531 3839 1 1294995 633136 2 1 1 1 2 2 2 2 2 0 0 1 1 0 
532 4093 0 1586879 0 2 1 1 1 2 2 2 2 2 0 0 1 0 2 
533 4087 0 1586879 0 2 1 1 1 2 2 2 2 2 0 0 0 1 2 
534 7423 1 760863 467053 2 1 1 1 2 2 2 2 0 0 1 1 1 0 
535 4079 0 1106609 0 2 1 1 1 2 2 2 2 0 0 1 1 0 2 
536 4031 1 699463 406318 2 1 1 1 2 2 2 2 0 0 1 0 1 2 
537 4063 0 1106609 0 2 1 1 1 2 2 2 2 0 0 0 1 1 2 
538 8095 0 179264 0 2 1 1 1 2 2 2 0 0 0 1 1 1 2 
539 8179 0 1236240 0 2 1 1 1 2 2 0 2 2 2 0 0 1 2 
540 7675 0 1038142 0 2 1 1 1 2 2 0 2 2 0 0 1 1 2 
541 7663 0 638071 0 2 1 1 1 2 2 0 2 0 2 1 1 1 0 
542 4094 0 838612 0 2 1 1 1 2 2 0 2 0 2 1 1 0 2 
543 8123 0 491114 0 2 1 1 1 2 0 0 2 2 2 0 1 1 2 
544 4091 0 1059607 0 2 1 1 0 2 2 2 2 2 2 0 1 1 0 
545 10235 0 685036 0 2 1 1 0 2 2 2 2 2 2 0 1 0 2 
546 4095 1 12386519 2043646 2 1 1 1 2 2 2 2 2 2 1 1 0 0 
547 10239 0 7246663 0 2 1 1 1 2 2 2 2 2 2 1 0 0 2 
548 7679 1 5191985 1616846 2 1 1 1 2 2 2 2 2 0 1 1 1 0 
549 8183 0 11345686 0 2 1 1 1 2 2 2 2 2 0 0 1 1 2 
550 8127 0 4981993 0 2 1 1 1 2 2 2 2 0 0 1 1 1 2 
551 8190 0 1476683 0 2 1 1 1 2 2 0 2 0 2 1 1 1 2 
552 12283 0 1744643 0 2 1 1 0 2 2 2 2 2 2 0 1 1 2 
553 8191 1 35382866 3660492 2 1 1 1 2 2 2 2 2 2 1 1 1 0 
554 12287 1 32723511 2043646 2 1 1 1 2 2 2 2 2 2 1 1 0 2 
555 16383 1 68106377 5704138 2 1 1 1 2 2 2 2 2 2 1 1 1 2 
edges 3071 
0 1 1 
0 2 1 
1 3 1 
1 4 1 
2 3 1 
3 5 1 
3 6 1 
3 7 1 
3 8 1 
4 6 1 
4 7 1 
4 9 1 
5 10 1 
5 11 1 
5 12 1 
5 13 1 
5 14 1 
5 15 1 
6 11 1 
6 12 1 
6 16 1 
6 17 1 
6 18 1 
6 13 1 
7 12 1 
7 13 1 
7 16 1 
7 18 1 
7 19 1 
7 20 1 
7 21 1 
7 22 1 
8 14 1 
8 15 1 
8 17 1 
8 19 1 
9 16 1 
9 17 1 
9 18 1 
9 23 1 
9 24 1 
9 25 0 
9 26 1 
9 20 1 
9 21 1 
10 27 1 
10 28 1 
11 27 1 
11 29 1 
11 30 1 
12 27 1 
12 29 1 
12 31 1 
12 32 1 
12 33 1 
12 34 1 
12 35 1 
13 27 1 
13 30 1 
13 31 1 
13 36 1 
13 37 1 
13 38 1 
13 35 1 
14 28 1 
14 29 1 
14 32 1 
14 36 1 
14 39 1 
14 40 1 
14 41 1 
14 42 1 
15 28 1 
15 30 1 
15 33 1 
15 37 1 
15 39 1 
15 40 1 
15 43 1 
15 44 1 
16 29 1 
16 31 1 
16 45 1 
16 46 1 
16 47 0 
16 48 1 
16 38 1 
16 49 1 
17 30 1 
17 29 1 
17 45 1 
17 50 1 
17 51 1 
17 46 1 
17 36 1 
17 33 1 
18 30 1 
18 34 1 
18 47 0 
18 51 1 
18 45 1 
18 31 1 
18 52 1 
18 53 1 
19 32 1 
19 37 1 
19 46 1 
19 51 1 
19 54 1 
19 55 1 
19 44 1 
19 56 1 
19 42 1 
19 57 1 
20 33 1 
20 38 1 
20 47 0 
20 53 1 
20 54 1 
20 58 1 
20 59 1 
20 52 1 
20 60 1 
21 34 1 
21 36 1 
21 48 1 
21 47 0 
21 55 1 
21 58 1 
21 49 1 
21 59 1 
21 61 1 
22 35 1 
22 49 1 
22 52 1 
22 56 1 
23 45 1 
23 62 0 
23 58 1 
24 46 1 
24 53 1 
24 62 0 
24 63 1 
24 61 1 
25 47 0 
25 50 0 
25 62 0 
26 48 1 
26 51 1 
26 62 0 
26 63 1 
26 60 1 
27 64 1 
27 65 1 
27 66 1 
27 67 1 
27 68 1 
28 65 1 
28 67 1 
28 66 1 
28 69 1 
28 70 1 
28 71 1 
28 72 1 
29 64 1 
29 73 1 
29 74 1 
29 75 1 
29 76 1 
29 65 1 
29 77 1 
30 64 1 
30 73 1 
30 75 1 
30 78 1 
30 79 1 
30 66 1 
30 80 1 
31 64 1 
31 73 1 
31 81 1 
31 82 1 
31 83 0 
31 84 1 
31 85 1 
32 67 1 
32 74 1 
32 81 1 
32 86 1 
32 87 1 
32 88 1 
32 89 1 
32 90 1 
32 91 1 
33 65 1 
33 75 1 
33 82 1 
33 86 1 
33 92 1 
33 93 1 
33 80 1 
33 94 1 
34 66 1 
34 76 1 
34 83 0 
34 87 1 
34 92 1 
34 85 1 
34 95 1 
34 96 1 
35 68 1 
35 77 1 
35 84 1 
35 89 1 
35 80 1 
35 85 1 
35 97 1 
36 66 1 
36 75 1 
36 81 1 
36 98 1 
36 99 1 
36 93 1 
36 77 1 
36 100 1 
37 67 1 
37 78 1 
37 82 1 
37 98 1 
37 101 1 
37 102 1 
37 103 1 
37 97 1 
37 104 1 
38 65 1 
38 79 1 
38 83 0 
38 99 1 
38 101 1 
38 105 1 
38 84 1 
38 106 1 
39 69 1 
39 73 1 
39 86 1 
39 98 1 
39 107 0 
39 108 1 
39 109 1 
39 110 0 
40 70 1 
40 64 1 
40 88 1 
40 93 1 
40 107 0 
40 71 1 
40 102 1 
41 71 1 
41 77 1 
41 90 1 
41 109 1 
42 72 1 
42 76 1 
42 91 1 
42 100 1 
42 110 0 
42 111 1 
42 102 1 
42 112 1 
42 90 1 
43 70 1 
43 80 1 
43 103 1 
43 108 1 
44 72 1 
44 79 1 
44 94 1 
44 104 1 
44 110 0 
44 113 1 
44 88 1 
44 103 1 
44 114 1 
45 73 1 
45 115 1 
45 116 0 
45 117 0 
45 99 1 
45 118 1 
45 92 1 
46 74 1 
46 82 1 
46 115 1 
46 117 0 
46 119 1 
46 79 1 
46 120 1 
46 100 1 
46 121 1 
47 75 0 
47 83 0 
47 116 0 
47 117 0 
47 122 0 
47 123 0 
47 124 0 
48 76 1 
48 81 1 
48 117 0 
48 119 1 
48 122 0 
48 106 1 
48 125 1 
48 126 1 
48 127 1 
49 77 1 
49 85 1 
49 118 1 
49 120 1 
49 123 0 
49 125 1 
49 105 1 
49 128 1 
50 75 1 
50 115 1 
51 78 1 
51 76 1 
51 116 0 
51 115 1 
51 121 1 
51 81 1 
51 129 1 
51 94 1 
51 130 1 
52 80 1 
52 95 1 
52 123 0 
52 129 1 
52 118 1 
52 131 1 
52 84 1 
52 132 1 
53 79 1 
53 96 1 
53 124 0 
53 130 1 
53 116 0 
53 133 1 
53 82 1 
53 132 1 
53 134 1 
54 86 1 
54 101 1 
54 117 0 
54 130 1 
54 135 1 
54 110 0 
54 131 1 
54 111 1 
54 136 0 
55 87 1 
55 98 1 
55 119 1 
55 116 0 
55 135 1 
55 113 1 
55 128 1 
55 110 0 
55 136 0 
56 89 1 
56 97 1 
56 120 1 
56 129 1 
56 131 1 
56 128 1 
56 114 1 
56 112 1 
56 137 0 
57 91 1 
57 104 1 
57 121 1 
57 136 0 
57 137 0 
58 92 1 
58 99 1 
58 122 0 
58 124 0 
58 135 1 
58 138 1 
58 118 1 
58 139 0 
59 93 1 
59 105 1 
59 83 0 
59 134 1 
59 110 0 
59 138 1 
59 95 1 
59 126 1 
60 94 1 
60 106 1 
60 124 0 
60 133 1 
60 136 0 
60 139 0 
60 126 1 
60 129 1 
60 140 1 
61 96 1 
61 100 1 
61 127 1 
61 122 0 
61 136 0 
61 139 0 
61 141 1 
61 120 1 
61 134 1 
62 115 0 
62 117 0 
62 116 0 
62 142 0 
62 124 0 
62 139 0 
62 122 0 
62 143 0 
63 119 1 
63 121 1 
63 130 1 
63 142 0 
63 143 0 
63 133 1 
63 127 1 
63 136 0 
63 144 0 
64 145 1 
64 146 1 
64 147 1 
64 148 1 
64 149 1 
64 150 1 
65 146 1 
65 147 1 
65 151 1 
65 152 1 
65 149 1 
65 153 1 
65 154 1 
66 147 1 
66 148 1 
66 151 1 
66 155 1 
66 150 1 
66 156 1 
66 157 1 
67 148 1 
67 146 1 
67 152 1 
67 155 1 
67 158 1 
67 159 1 
67 160 1 
67 161 1 
68 149 1 
68 150 1 
68 158 1 
69 151 1 
69 152 1 
69 155 1 
69 162 1 
69 163 0 
69 164 1 
69 165 1 
69 166 0 
70 149 1 
70 160 1 
70 156 1 
70 163 0 
70 164 1 
70 167 1 
70 168 1 
71 153 1 
71 159 1 
71 150 1 
71 165 1 
71 163 0 
71 167 1 
71 169 1 
72 154 1 
72 161 1 
72 157 1 
72 166 0 
72 168 1 
72 170 1 
72 169 1 
73 145 1 
73 171 1 
73 172 1 
73 173 0 
73 151 1 
73 174 1 
73 175 1 
74 146 1 
74 171 1 
74 176 1 
74 177 1 
75 147 1 
75 172 1 
75 171 1 
75 178 1 
75 179 1 
75 180 1 
76 148 1 
76 173 0 
76 176 1 
76 178 1 
76 154 1 
76 181 1 
76 182 1 
76 183 1 
77 150 1 
77 174 1 
77 177 1 
77 179 1 
77 181 1 
77 153 1 
77 184 1 
78 148 1 
78 172 1 
78 185 1 
78 186 1 
79 146 1 
79 173 0 
79 180 1 
79 185 1 
79 157 1 
79 187 1 
79 188 1 
79 189 1 
80 149 1 
80 175 1 
80 179 1 
80 186 1 
80 188 1 
80 156 1 
80 190 1 
81 148 1 
81 171 1 
81 191 1 
81 192 0 
81 193 1 
81 194 1 
81 181 1 
81 195 1 
82 146 1 
82 172 1 
82 191 1 
82 196 0 
82 197 1 
82 188 1 
82 198 1 
82 199 1 
83 147 0 
83 173 0 
83 192 0 
83 196 0 
83 200 0 
83 201 0 
84 149 1 
84 174 1 
84 194 1 
84 188 1 
84 200 0 
84 202 1 
84 203 1 
85 150 1 
85 175 1 
85 181 1 
85 198 1 
85 200 0 
85 202 1 
85 204 1 
86 152 1 
86 171 1 
86 191 1 
86 205 1 
86 206 0 
86 190 1 
86 207 1 
86 208 0 
87 155 1 
87 176 1 
87 192 0 
87 205 1 
87 209 1 
87 204 1 
87 210 0 
87 211 0 
88 160 1 
88 146 1 
88 193 1 
88 206 0 
88 209 1 
88 212 1 
88 169 1 
88 213 1 
89 158 1 
89 177 1 
89 194 1 
89 190 1 
89 204 1 
89 212 1 
89 214 1 
89 215 0 
90 159 1 
90 177 1 
90 181 1 
90 207 1 
90 210 0 
90 169 1 
90 214 1 
90 216 1 
91 161 1 
91 176 1 
91 195 1 
91 208 0 
91 211 0 
91 213 1 
91 215 0 
91 216 1 
92 151 1 
92 178 1 
92 196 0 
92 205 1 
92 217 1 
92 175 1 
92 218 1 
92 219 0 
93 153 1 
93 147 1 
93 197 1 
93 206 0 
93 217 1 
93 156 1 
93 193 1 
94 154 1 
94 180 1 
94 199 1 
94 208 0 
94 219 0 
94 193 1 
94 186 1 
94 220 1 
95 156 1 
95 182 1 
95 200 0 
95 210 0 
95 218 1 
95 202 1 
95 221 1 
96 157 1 
96 183 1 
96 201 0 
96 211 0 
96 219 0 
96 222 1 
96 198 1 
96 221 1 
97 158 1 
97 184 1 
97 203 1 
97 215 0 
97 186 1 
97 198 1 
97 223 1 
97 224 1 
98 155 1 
98 172 1 
98 191 1 
98 225 1 
98 206 0 
98 226 1 
98 184 1 
98 227 0 
99 151 1 
99 180 1 
99 192 0 
99 225 1 
99 217 1 
99 228 1 
99 174 1 
99 229 0 
100 157 1 
100 178 1 
100 195 1 
100 227 0 
100 229 0 
100 197 1 
100 230 1 
100 177 1 
101 152 1 
101 185 1 
101 196 0 
101 225 1 
101 231 1 
101 232 0 
101 203 1 
101 233 0 
102 159 1 
102 148 1 
102 197 1 
102 206 0 
102 231 1 
102 168 1 
102 223 1 
102 213 1 
103 160 1 
103 186 1 
103 188 1 
103 226 1 
103 232 0 
103 168 1 
103 224 1 
103 234 1 
104 161 1 
104 185 1 
104 199 1 
104 227 0 
104 233 0 
104 213 1 
104 234 1 
104 215 0 
105 153 1 
105 187 1 
105 200 0 
105 228 1 
105 232 0 
105 202 1 
105 235 1 
106 154 1 
106 189 1 
106 201 0 
106 229 0 
106 233 0 
106 236 1 
106 235 1 
106 194 1 
107 163 0 
107 145 0 
107 206 0 
108 164 1 
108 175 1 
108 190 1 
108 226 1 
108 237 1 
108 163 0 
108 238 1 
108 232 0 
109 165 1 
109 174 1 
109 207 1 
109 184 1 
109 239 1 
109 163 0 
109 238 1 
109 210 0 
110 166 0 
110 173 0 
110 208 0 
110 227 0 
110 240 0 
110 206 0 
110 232 0 
110 210 0 
111 166 0 
111 183 1 
111 211 0 
111 229 0 
111 240 0 
111 231 1 
111 241 1 
111 207 1 
112 170 1 
112 182 1 
112 215 0 
112 230 1 
112 232 0 
112 241 1 
112 223 1 
112 214 1 
113 166 0 
113 189 1 
113 219 0 
113 233 0 
113 240 0 
113 209 1 
113 226 1 
113 242 1 
114 170 1 
114 187 1 
114 220 1 
114 215 0 
114 210 0 
114 242 1 
114 212 1 
114 224 1 
115 171 1 
115 172 1 
115 243 0 
115 180 1 
115 244 1 
115 178 1 
115 245 1 
116 172 0 
116 173 0 
116 243 0 
116 246 0 
116 192 0 
116 247 0 
116 219 0 
116 248 0 
117 173 0 
117 171 0 
117 243 0 
117 246 0 
117 229 0 
117 249 0 
117 196 0 
117 250 0 
118 174 1 
118 175 1 
118 244 1 
118 247 0 
118 249 0 
118 228 1 
118 218 1 
118 251 1 
119 176 1 
119 191 1 
119 243 0 
119 250 0 
119 189 1 
119 252 1 
119 227 0 
119 253 0 
120 177 1 
120 198 1 
120 244 1 
120 249 0 
120 252 1 
120 187 1 
120 230 1 
120 254 0 
121 176 1 
121 199 1 
121 245 1 
121 246 0 
121 253 0 
121 185 1 
121 254 0 
121 195 1 
122 178 0 
122 192 0 
122 246 0 
122 250 0 
122 201 0 
122 249 0 
122 255 0 
122 256 0 
123 179 0 
123 200 0 
123 247 0 
123 249 0 
124 180 0 
124 201 0 
124 248 0 
124 246 0 
124 256 0 
124 196 0 
124 247 0 
124 257 0 
125 181 1 
125 249 0 
125 252 1 
125 235 1 
126 182 1 
126 193 1 
126 196 0 
126 227 0 
126 255 0 
126 236 1 
126 235 1 
126 258 1 
127 183 1 
127 195 1 
127 250 0 
127 253 0 
127 256 0 
127 233 0 
127 252 1 
127 258 1 
128 184 1 
128 204 1 
128 251 1 
128 254 0 
128 247 0 
128 252 1 
128 232 0 
128 242 1 
129 186 1 
129 182 1 
129 247 0 
129 244 1 
129 254 0 
129 194 1 
129 220 1 
129 259 1 
130 185 1 
130 183 1 
130 248 0 
130 243 0 
130 253 0 
130 191 1 
130 259 1 
130 208 0 
131 190 1 
131 210 0 
131 249 0 
131 254 0 
131 251 1 
131 203 1 
131 241 1 
131 259 1 
132 188 1 
132 221 1 
132 247 0 
132 259 1 
133 189 1 
133 211 0 
133 256 0 
133 253 0 
133 248 0 
133 199 1 
133 259 1 
133 258 1 
134 187 1 
134 222 1 
134 257 0 
134 208 0 
134 192 0 
134 258 1 
134 197 1 
134 221 1 
135 205 1 
135 225 1 
135 250 0 
135 248 0 
135 240 0 
135 251 1 
135 260 0 
136 208 0 
136 233 0 
136 246 0 
136 253 0 
136 260 0 
136 227 0 
136 254 0 
136 211 0 
137 215 0 
137 254 0 
138 217 1 
138 228 1 
138 201 0 
138 257 0 
138 240 0 
138 218 1 
138 261 1 
138 255 0 
139 219 0 
139 229 0 
139 256 0 
139 260 0 
139 255 0 
139 244 0 
139 257 0 
140 220 1 
140 236 1 
140 257 0 
140 211 0 
141 222 1 
141 230 1 
141 233 0 
141 255 0 
142 243 0 
142 246 0 
142 262 0 
142 256 0 
143 245 0 
143 250 0 
143 248 0 
143 262 0 
143 260 0 
144 253 0 
144 262 0 
145 263 1 
145 264 1 
146 263 1 
146 265 1 
146 266 1 
146 267 1 
146 268 1 
146 269 1 
146 270 1 
147 263 1 
147 265 1 
147 271 1 
147 272 1 
147 273 1 
148 263 1 
148 266 1 
148 271 1 
148 274 1 
148 275 1 
148 276 1 
148 277 1 
149 264 1 
149 267 1 
149 272 1 
149 274 1 
149 278 1 
149 279 1 
150 264 1 
150 268 1 
150 272 1 
150 275 1 
150 278 1 
150 280 1 
151 265 1 
151 271 1 
151 281 1 
151 264 1 
151 282 1 
151 283 1 
151 284 0 
152 266 1 
152 265 1 
152 281 1 
152 279 1 
152 285 1 
152 286 0 
152 287 0 
153 269 1 
153 272 1 
153 283 1 
153 286 0 
153 278 1 
153 288 1 
154 270 1 
154 273 1 
154 284 0 
154 287 0 
154 274 1 
154 289 1 
154 288 1 
155 271 1 
155 266 1 
155 281 1 
155 280 1 
155 290 0 
155 291 1 
155 292 0 
156 272 1 
156 276 1 
156 282 1 
156 290 0 
156 278 1 
156 293 1 
157 273 1 
157 277 1 
157 284 0 
157 292 0 
157 268 1 
157 293 1 
157 294 1 
158 274 1 
158 268 1 
158 279 1 
158 280 1 
158 295 1 
158 296 1 
158 297 0 
159 275 1 
159 269 1 
159 285 1 
159 290 0 
159 295 1 
159 298 1 
159 299 1 
160 276 1 
160 267 1 
160 286 0 
160 291 1 
160 296 1 
160 298 1 
160 300 1 
161 277 1 
161 270 1 
161 287 0 
161 292 0 
161 297 0 
161 299 1 
161 300 1 
162 281 1 
162 301 0 
162 302 0 
163 264 0 
163 286 0 
163 290 0 
163 301 0 
163 303 0 
163 304 0 
164 282 1 
164 279 1 
164 291 1 
164 301 0 
164 303 0 
164 305 1 
164 306 0 
165 283 1 
165 285 1 
165 280 1 
165 301 0 
165 303 0 
165 305 1 
165 307 0 
166 284 0 
166 287 0 
166 292 0 
166 302 0 
166 304 0 
166 306 0 
166 307 0 
167 278 1 
167 298 1 
167 303 0 
168 274 1 
168 300 1 
168 293 1 
168 304 0 
168 306 0 
168 308 1 
168 298 1 
169 288 1 
169 299 1 
169 268 1 
169 307 0 
169 304 0 
169 298 1 
169 309 1 
170 289 1 
170 297 0 
170 294 1 
170 306 0 
170 307 0 
170 308 1 
170 309 1 
171 263 1 
171 310 1 
171 311 0 
171 265 1 
171 312 1 
171 313 1 
171 314 1 
172 263 1 
172 310 1 
172 315 0 
172 271 1 
172 316 1 
172 317 1 
172 318 1 
173 263 0 
173 311 0 
173 315 0 
173 284 0 
173 319 0 
173 320 0 
173 321 0 
174 264 1 
174 312 1 
174 316 1 
174 319 0 
174 283 1 
174 322 1 
174 323 1 
175 264 1 
175 313 1 
175 317 1 
175 320 0 
175 282 1 
175 322 1 
175 324 1 
176 266 1 
176 311 0 
176 314 1 
176 270 1 
176 325 1 
176 326 0 
176 327 0 
177 268 1 
177 312 1 
177 313 1 
177 325 1 
177 269 1 
177 328 1 
177 326 0 
178 271 1 
178 315 0 
178 314 1 
178 273 1 
178 313 1 
178 329 1 
178 330 0 
179 272 1 
179 316 1 
179 313 1 
180 273 1 
180 318 1 
180 311 0 
180 330 0 
180 265 1 
180 316 1 
180 331 1 
181 275 1 
181 319 0 
181 325 1 
181 313 1 
181 288 1 
181 332 1 
181 333 1 
182 276 1 
182 320 0 
182 326 0 
182 329 1 
182 289 1 
182 332 1 
182 334 1 
183 277 1 
183 321 0 
183 327 0 
183 330 0 
183 287 0 
183 333 1 
183 334 1 
184 280 1 
184 323 1 
184 326 0 
184 316 1 
184 333 1 
184 286 0 
184 335 1 
185 266 1 
185 315 0 
185 318 1 
185 277 1 
185 336 0 
185 337 1 
185 338 0 
186 276 1 
186 316 1 
186 317 1 
186 336 0 
186 274 1 
186 339 1 
186 337 1 
187 269 1 
187 319 0 
187 331 1 
187 336 0 
187 294 1 
187 340 1 
187 341 1 
188 267 1 
188 320 0 
188 316 1 
188 337 1 
188 293 1 
188 340 1 
188 342 1 
189 270 1 
189 321 0 
189 330 0 
189 338 0 
189 292 0 
189 341 1 
189 342 1 
190 279 1 
190 324 1 
190 313 1 
190 336 0 
190 342 1 
190 290 0 
190 343 1 
191 266 1 
191 310 1 
191 344 0 
191 345 0 
191 342 1 
191 333 1 
191 346 0 
192 271 0 
192 311 0 
192 344 0 
192 347 0 
192 348 0 
192 319 0 
192 349 0 
193 276 1 
193 265 1 
193 345 0 
193 347 0 
193 350 1 
193 288 1 
193 351 1 
194 274 1 
194 312 1 
194 342 1 
194 348 0 
194 350 1 
194 332 1 
194 352 0 
195 277 1 
195 314 1 
195 346 0 
195 349 0 
195 351 1 
195 352 0 
195 325 1 
196 265 0 
196 315 0 
196 344 0 
196 353 0 
196 320 0 
196 354 0 
196 355 0 
197 269 1 
197 271 1 
197 345 0 
197 353 0 
197 293 1 
197 356 1 
197 351 1 
198 268 1 
198 317 1 
198 333 1 
198 354 0 
198 356 1 
198 340 1 
198 357 0 
199 270 1 
199 318 1 
199 346 0 
199 355 0 
199 351 1 
199 337 1 
199 357 0 
200 272 0 
200 319 0 
200 348 0 
200 320 0 
200 358 0 
200 354 0 
201 273 0 
201 321 0 
201 349 0 
201 355 0 
201 359 0 
201 354 0 
201 348 0 
202 278 1 
202 322 1 
202 332 1 
202 340 1 
202 358 0 
202 360 0 
203 279 1 
203 323 1 
203 352 0 
203 337 1 
203 354 0 
203 361 1 
203 360 0 
204 280 1 
204 324 1 
204 325 1 
204 357 0 
204 348 0 
204 362 1 
204 360 0 
205 281 1 
205 314 1 
205 344 0 
205 363 0 
205 324 1 
205 364 0 
205 365 0 
206 286 0 
206 263 0 
206 345 0 
206 363 0 
206 290 0 
206 304 0 
207 285 1 
207 312 1 
207 333 1 
207 364 0 
207 304 0 
207 343 1 
207 366 0 
208 287 0 
208 311 0 
208 346 0 
208 365 0 
208 345 0 
208 336 0 
208 366 0 
209 291 1 
209 270 1 
209 347 0 
209 363 0 
209 362 1 
209 307 0 
209 367 0 
210 290 0 
210 326 0 
210 319 0 
210 364 0 
210 307 0 
210 360 0 
210 366 0 
211 292 0 
211 327 0 
211 349 0 
211 365 0 
211 367 0 
211 357 0 
211 366 0 
212 296 1 
212 269 1 
212 350 1 
212 290 0 
212 362 1 
212 309 1 
212 368 0 
213 300 1 
213 266 1 
213 351 1 
213 345 0 
213 367 0 
213 368 0 
213 299 1 
214 295 1 
214 328 1 
214 332 1 
214 343 1 
214 360 0 
214 309 1 
214 369 0 
215 297 0 
215 326 0 
215 352 0 
215 336 0 
215 357 0 
215 368 0 
215 369 0 
216 299 1 
216 325 1 
216 366 0 
216 369 0 
217 283 1 
217 273 1 
217 353 0 
217 363 0 
217 282 1 
217 370 1 
217 347 0 
218 282 1 
218 329 1 
218 354 0 
218 364 0 
218 370 1 
218 322 1 
218 371 0 
219 284 0 
219 330 0 
219 355 0 
219 365 0 
219 347 0 
219 317 0 
219 371 0 
220 289 1 
220 331 1 
220 357 0 
220 366 0 
220 371 0 
220 350 1 
220 339 1 
221 293 1 
221 334 1 
221 348 0 
221 366 0 
221 371 0 
221 372 1 
221 340 1 
222 294 1 
222 287 0 
222 359 0 
222 367 0 
222 347 0 
222 356 1 
222 372 1 
223 295 1 
223 286 0 
223 361 1 
223 368 0 
223 276 1 
223 356 1 
223 308 1 
224 296 1 
224 335 1 
224 360 0 
224 369 0 
224 339 1 
224 340 1 
224 308 1 
225 281 1 
225 318 1 
225 344 0 
225 363 0 
225 373 0 
225 323 1 
225 374 0 
226 291 1 
226 317 1 
226 342 1 
226 373 0 
226 304 0 
226 335 1 
226 375 0 
227 292 0 
227 315 0 
227 346 0 
227 374 0 
227 345 0 
227 375 0 
227 326 0 
228 283 1 
228 331 1 
228 348 0 
228 373 0 
228 370 1 
228 322 1 
228 376 0 
229 284 0 
229 330 0 
229 349 0 
229 374 0 
229 353 0 
229 376 0 
229 312 0 
230 294 1 
230 329 1 
230 352 0 
230 375 0 
230 376 0 
230 356 1 
230 328 1 
231 285 1 
231 277 1 
231 353 0 
231 363 0 
231 306 0 
231 361 1 
231 367 0 
232 286 0 
232 336 0 
232 320 0 
232 373 0 
232 306 0 
232 360 0 
232 375 0 
233 287 0 
233 338 0 
233 355 0 
233 374 0 
233 367 0 
233 375 0 
233 352 0 
234 300 1 
234 337 1 
234 375 0 
234 369 0 
235 288 1 
235 341 1 
235 354 0 
235 376 0 
235 375 0 
235 377 1 
235 332 1 
236 289 1 
236 292 0 
236 359 0 
236 353 0 
236 367 0 
236 377 1 
236 350 1 
237 301 0 
237 324 1 
237 373 0 
237 378 0 
238 305 1 
238 322 1 
238 343 1 
238 335 1 
238 378 0 
238 303 0 
238 360 0 
239 301 0 
239 323 1 
239 364 0 
239 378 0 
240 302 0 
240 321 0 
240 365 0 
240 374 0 
240 363 0 
240 373 0 
240 364 0 
241 307 0 
241 334 1 
241 357 0 
241 376 0 
241 373 0 
241 361 1 
241 343 1 
242 306 0 
242 341 1 
242 371 0 
242 352 0 
242 364 0 
242 362 1 
242 335 1 
243 310 0 
243 315 0 
243 379 0 
243 311 0 
243 380 0 
243 330 0 
244 312 1 
244 317 1 
244 380 0 
244 331 1 
244 329 1 
244 381 0 
245 314 1 
245 318 1 
245 379 0 
245 381 0 
246 315 0 
246 311 0 
246 379 0 
246 349 0 
246 382 0 
246 355 0 
246 383 0 
247 316 0 
247 320 0 
247 380 0 
247 382 0 
247 348 0 
247 371 0 
247 384 0 
248 318 0 
248 321 0 
248 379 0 
248 383 0 
248 344 0 
248 384 0 
248 365 0 
249 319 0 
249 313 0 
249 380 0 
249 382 0 
249 376 0 
249 354 0 
249 385 0 
250 321 0 
250 314 0 
250 379 0 
250 383 0 
250 374 0 
250 385 0 
250 344 0 
251 323 1 
251 324 1 
251 381 0 
251 384 0 
251 385 0 
251 373 0 
251 364 0 
252 325 1 
252 333 1 
252 380 0 
252 385 0 
252 341 1 
252 375 0 
252 386 0 
253 327 0 
253 346 0 
253 379 0 
253 383 0 
253 338 0 
253 386 0 
254 326 0 
254 357 0 
254 381 0 
254 382 0 
254 386 0 
254 336 0 
254 352 0 
255 329 0 
255 347 0 
255 355 0 
255 374 0 
255 359 0 
255 376 0 
255 387 0 
256 330 0 
256 349 0 
256 383 0 
256 355 0 
256 380 0 
256 387 0 
257 331 0 
257 359 0 
257 365 0 
257 349 0 
257 387 0 
257 353 0 
257 371 0 
258 334 1 
258 351 1 
258 344 0 
258 346 0 
258 387 0 
258 367 0 
258 341 1 
259 337 1 
259 334 1 
259 384 0 
259 380 0 
259 386 0 
259 342 1 
259 366 0 
260 365 0 
260 374 0 
260 383 0 
260 381 0 
261 370 1 
261 359 0 
261 302 0 
262 379 0 
262 383 0 
262 388 0 
263 389 1 
263 390 1 
263 391 1 
263 392 1 
263 393 1 
264 390 1 
264 392 1 
264 391 1 
264 394 1 
264 395 1 
265 389 1 
265 396 1 
265 390 1 
265 397 1 
265 398 1 
265 399 0 
266 389 1 
266 396 1 
266 400 1 
266 401 1 
266 402 0 
266 403 0 
267 390 1 
267 400 1 
267 404 1 
268 391 1 
268 397 1 
268 401 1 
268 404 1 
268 405 1 
268 406 0 
269 392 1 
269 398 1 
269 402 0 
269 404 1 
269 405 1 
269 407 1 
270 393 1 
270 399 0 
270 403 0 
270 400 1 
270 406 0 
270 407 1 
271 389 1 
271 396 1 
271 408 1 
271 392 1 
271 409 1 
271 410 0 
272 392 1 
272 390 1 
272 408 1 
272 411 1 
272 397 1 
273 393 1 
273 399 0 
273 410 0 
273 397 1 
273 408 1 
273 412 1 
274 391 1 
274 400 1 
274 408 1 
274 413 1 
274 414 1 
274 415 0 
275 392 1 
275 401 1 
275 413 1 
276 390 1 
276 402 0 
276 409 1 
276 414 1 
276 413 1 
276 416 1 
277 393 1 
277 403 0 
277 410 0 
277 415 0 
277 401 1 
277 416 1 
278 394 1 
278 404 1 
278 411 1 
278 413 1 
278 417 0 
279 395 1 
279 400 1 
279 397 1 
279 415 0 
279 417 0 
279 418 1 
280 395 1 
280 406 0 
280 408 1 
280 401 1 
280 417 0 
280 419 1 
281 396 1 
281 395 1 
281 420 0 
281 421 0 
281 422 0 
282 397 1 
282 409 1 
282 420 0 
282 394 1 
282 423 1 
282 424 0 
283 398 1 
283 408 1 
283 421 0 
283 394 1 
283 423 1 
283 425 0 
284 399 0 
284 410 0 
284 422 0 
284 391 0 
284 424 0 
284 425 0 
285 401 1 
285 398 1 
285 420 0 
285 418 1 
285 426 0 
285 427 0 
286 402 0 
286 390 0 
286 421 0 
286 417 0 
286 426 0 
286 428 0 
287 403 0 
287 399 0 
287 422 0 
287 415 0 
287 427 0 
287 428 0 
288 407 1 
288 397 1 
288 425 0 
288 428 0 
288 413 1 
288 429 1 
289 406 0 
289 412 1 
289 424 0 
289 427 0 
289 414 1 
289 429 1 
290 392 0 
290 402 0 
290 420 0 
290 417 0 
290 430 0 
290 431 0 
291 409 1 
291 400 1 
291 421 0 
291 419 1 
291 430 0 
291 432 0 
292 410 0 
292 403 0 
292 422 0 
292 406 0 
292 431 0 
292 432 0 
293 408 1 
293 416 1 
293 424 0 
293 431 0 
293 404 1 
293 433 1 
294 412 1 
294 415 0 
294 425 0 
294 432 0 
294 405 1 
294 433 1 
295 413 1 
295 405 1 
295 418 1 
295 417 0 
295 434 1 
295 435 0 
296 414 1 
296 404 1 
296 417 0 
296 419 1 
296 434 1 
296 435 0 
297 415 0 
297 406 0 
297 435 0 
298 413 1 
298 404 1 
298 426 0 
298 430 0 
298 434 1 
298 436 1 
299 401 1 
299 407 1 
299 427 0 
299 431 0 
299 435 0 
299 436 1 
300 416 1 
300 400 1 
300 428 0 
300 432 0 
300 435 0 
300 436 1 
301 395 0 
301 421 0 
301 420 0 
301 437 0 
301 438 0 
302 422 0 
302 438 0 
303 394 0 
303 417 0 
303 430 0 
303 437 0 
303 439 0 
303 426 0 
304 391 0 
304 428 0 
304 431 0 
304 438 0 
304 426 0 
304 430 0 
305 423 1 
305 418 1 
305 419 1 
305 437 0 
305 439 0 
305 440 0 
306 424 0 
306 415 0 
306 432 0 
306 438 0 
306 426 0 
306 440 0 
307 425 0 
307 427 0 
307 406 0 
307 438 0 
307 430 0 
307 440 0 
308 414 1 
308 435 0 
308 433 1 
308 426 0 
308 440 0 
308 434 1 
309 429 1 
309 435 0 
309 405 1 
309 440 0 
309 430 0 
309 434 1 
310 389 1 
310 441 0 
310 442 1 
311 389 0 
311 441 0 
311 399 0 
311 443 0 
311 444 0 
311 445 0 
312 391 1 
312 442 1 
312 443 0 
312 398 1 
312 446 1 
312 447 0 
313 392 1 
313 442 1 
313 444 0 
313 397 1 
313 446 1 
313 448 1 
314 393 1 
314 441 0 
314 445 0 
314 396 1 
314 447 0 
314 448 1 
315 389 0 
315 441 0 
315 410 0 
315 444 0 
315 449 0 
315 450 0 
316 390 1 
316 442 1 
316 444 0 
316 408 1 
316 451 1 
316 452 1 
317 391 1 
317 442 1 
317 449 0 
317 409 1 
317 451 1 
317 453 0 
318 393 1 
318 441 0 
318 450 0 
318 396 1 
318 452 1 
318 453 0 
319 392 0 
319 443 0 
319 444 0 
319 425 0 
319 454 0 
319 455 0 
320 390 0 
320 444 0 
320 449 0 
320 424 0 
320 454 0 
320 456 0 
321 393 0 
321 445 0 
321 450 0 
321 422 0 
321 455 0 
321 456 0 
322 394 1 
322 446 1 
322 451 1 
322 454 0 
322 423 1 
322 457 0 
323 395 1 
323 447 0 
323 452 1 
323 455 0 
323 421 0 
323 457 0 
324 395 1 
324 448 1 
324 453 0 
324 456 0 
324 420 0 
324 457 0 
325 401 1 
325 443 0 
325 448 1 
325 407 1 
325 458 0 
325 459 0 
326 402 0 
326 444 0 
326 447 0 
326 406 0 
326 458 0 
326 459 0 
327 403 0 
327 445 0 
327 459 0 
328 405 1 
328 446 1 
328 458 0 
329 409 1 
329 449 0 
329 447 0 
329 412 1 
329 446 1 
329 460 0 
330 410 0 
330 450 0 
330 445 0 
330 399 0 
330 442 0 
330 460 0 
331 412 1 
331 453 0 
331 443 0 
331 460 0 
331 398 1 
331 451 1 
332 413 1 
332 454 0 
332 458 0 
332 446 1 
332 429 1 
332 461 1 
333 401 1 
333 455 0 
333 459 0 
333 442 1 
333 428 0 
333 461 1 
334 416 1 
334 456 0 
334 459 0 
334 460 0 
334 427 0 
334 461 1 
335 419 1 
335 457 0 
335 458 0 
335 451 1 
335 461 1 
335 426 0 
336 402 0 
336 444 0 
336 453 0 
336 415 0 
336 462 0 
336 463 0 
337 400 1 
337 449 0 
337 452 1 
337 416 1 
337 462 0 
337 463 0 
338 403 0 
338 450 0 
338 463 0 
339 414 1 
339 451 1 
339 462 0 
340 404 1 
340 454 0 
340 451 1 
340 462 0 
340 433 1 
340 461 1 
341 407 1 
341 455 0 
341 460 0 
341 463 0 
341 432 0 
341 461 1 
342 400 1 
342 456 0 
342 442 1 
342 463 0 
342 431 0 
342 461 1 
343 418 1 
343 457 0 
343 446 1 
343 462 0 
343 461 1 
343 430 0 
344 396 0 
344 441 0 
344 464 0 
344 456 0 
344 455 0 
344 465 0 
345 402 0 
345 389 0 
345 464 0 
345 431 0 
345 428 0 
345 466 0 
346 403 0 
346 441 0 
346 465 0 
346 466 0 
346 463 0 
346 459 0 
347 409 0 
347 399 0 
347 464 0 
347 467 0 
347 425 0 
347 468 0 
348 408 0 
348 443 0 
348 456 0 
348 467 0 
348 454 0 
348 469 0 
349 410 0 
349 445 0 
349 465 0 
349 468 0 
349 469 0 
349 443 0 
350 414 1 
350 398 1 
350 431 0 
350 467 0 
350 429 1 
350 470 0 
351 416 1 
351 396 1 
351 466 0 
351 468 0 
351 470 0 
351 407 1 
352 415 0 
352 447 0 
352 463 0 
352 469 0 
352 470 0 
352 458 0 
353 398 0 
353 410 0 
353 464 0 
353 424 0 
353 471 0 
353 468 0 
354 397 0 
354 449 0 
354 455 0 
354 471 0 
354 454 0 
354 469 0 
355 399 0 
355 450 0 
355 465 0 
355 468 0 
355 449 0 
355 469 0 
356 405 1 
356 409 1 
356 428 0 
356 471 0 
356 433 1 
356 470 0 
357 406 0 
357 453 0 
357 459 0 
357 469 0 
357 470 0 
357 462 0 
358 411 0 
358 454 0 
359 412 0 
359 422 0 
359 468 0 
359 471 0 
359 467 0 
360 417 0 
360 457 0 
360 458 0 
360 462 0 
360 454 0 
360 440 0 
361 418 1 
361 421 0 
361 470 0 
361 416 1 
361 471 0 
361 440 0 
362 419 1 
362 420 0 
362 407 1 
362 470 0 
362 467 0 
362 440 0 
363 421 0 
363 393 0 
363 464 0 
363 420 0 
363 438 0 
364 420 0 
364 447 0 
364 455 0 
364 438 0 
364 457 0 
364 472 0 
365 422 0 
365 445 0 
365 465 0 
365 464 0 
365 453 0 
365 472 0 
366 427 0 
366 443 0 
366 459 0 
366 472 0 
366 431 0 
366 462 0 
367 432 0 
367 403 0 
367 468 0 
367 464 0 
367 470 0 
367 427 0 
368 435 0 
368 402 0 
368 470 0 
369 435 0 
369 458 0 
369 462 0 
370 423 1 
370 412 1 
370 471 0 
370 438 0 
370 467 0 
371 424 0 
371 460 0 
371 469 0 
371 472 0 
371 467 0 
371 451 0 
372 433 1 
372 427 0 
372 467 0 
373 421 0 
373 453 0 
373 456 0 
373 438 0 
373 457 0 
373 473 0 
374 422 0 
374 450 0 
374 465 0 
374 464 0 
374 473 0 
374 447 0 
375 432 0 
375 449 0 
375 463 0 
375 473 0 
375 428 0 
375 458 0 
376 425 0 
376 460 0 
376 469 0 
376 473 0 
376 471 0 
376 446 0 
377 429 1 
377 432 0 
377 471 0 
378 437 0 
378 457 0 
379 441 0 
379 445 0 
379 474 0 
379 450 0 
379 475 0 
380 442 0 
380 449 0 
380 474 0 
380 443 0 
380 460 0 
381 447 0 
381 453 0 
381 474 0 
382 444 0 
382 474 0 
382 469 0 
383 450 0 
383 445 0 
383 475 0 
383 465 0 
383 474 0 
384 452 0 
384 456 0 
384 474 0 
384 472 0 
385 455 0 
385 448 0 
385 474 0 
385 473 0 
386 459 0 
386 474 0 
386 463 0 
387 460 0 
387 468 0 
387 465 0 
388 475 0 
389 476 1 
389 477 1 
389 478 1 
389 479 1 
389 480 0 
390 477 1 
390 478 1 
390 481 1 
390 482 1 
390 483 1 
391 478 1 
391 479 1 
391 481 1 
391 484 1 
391 485 0 
392 479 1 
392 477 1 
392 482 1 
392 484 1 
392 486 1 
393 480 0 
393 483 1 
393 485 0 
393 486 1 
394 481 1 
394 482 1 
394 484 1 
394 487 1 
394 488 0 
395 483 1 
395 486 1 
395 485 0 
395 488 0 
396 476 1 
396 483 1 
396 486 1 
396 489 0 
396 490 0 
397 478 1 
397 486 1 
397 482 1 
397 491 1 
397 492 0 
398 479 1 
398 489 0 
398 481 1 
398 491 1 
398 493 0 
399 480 0 
399 490 0 
399 478 0 
399 492 0 
399 493 0 
400 478 1 
400 483 1 
400 494 1 
400 495 0 
400 496 0 
401 479 1 
401 486 1 
401 494 1 
401 497 0 
401 498 0 
402 477 0 
402 489 0 
402 495 0 
402 497 0 
402 499 0 
403 480 0 
403 490 0 
403 496 0 
403 498 0 
403 499 0 
404 481 1 
404 482 1 
404 494 1 
404 500 1 
404 495 0 
405 484 1 
405 491 1 
405 497 0 
405 500 1 
405 501 0 
406 485 0 
406 492 0 
406 498 0 
406 495 0 
406 501 0 
407 486 1 
407 493 0 
407 499 0 
407 494 1 
407 501 0 
408 479 1 
408 483 1 
408 482 1 
408 502 1 
408 492 0 
409 478 1 
409 489 0 
409 502 1 
409 484 1 
409 503 0 
410 480 0 
410 490 0 
410 492 0 
410 479 0 
410 503 0 
411 482 1 
412 485 0 
412 493 0 
412 503 0 
412 491 1 
412 502 1 
413 484 1 
413 494 1 
413 482 1 
413 504 1 
413 497 0 
414 481 1 
414 495 0 
414 502 1 
414 504 1 
414 505 0 
415 485 0 
415 496 0 
415 492 0 
415 497 0 
415 505 0 
416 483 1 
416 499 0 
416 503 0 
416 505 0 
416 494 1 
417 488 0 
417 495 0 
417 482 0 
417 497 0 
417 506 0 
418 488 0 
418 494 1 
418 491 1 
418 505 0 
418 506 0 
419 488 0 
419 501 0 
419 502 1 
419 494 1 
419 506 0 
420 486 0 
420 489 0 
420 488 0 
420 507 0 
420 508 0 
421 489 0 
421 483 0 
421 488 0 
421 507 0 
421 509 0 
422 490 0 
422 485 0 
422 508 0 
422 509 0 
423 491 1 
423 502 1 
423 507 0 
423 487 1 
423 510 0 
424 492 0 
424 503 0 
424 508 0 
424 481 0 
424 510 0 
425 493 0 
425 492 0 
425 509 0 
425 484 0 
425 510 0 
426 497 0 
426 481 0 
426 507 0 
426 506 0 
426 511 0 
427 498 0 
427 493 0 
427 508 0 
427 505 0 
427 511 0 
428 499 0 
428 478 0 
428 509 0 
428 497 0 
428 511 0 
429 501 0 
429 491 1 
429 510 0 
429 511 0 
429 504 1 
430 484 0 
430 495 0 
430 507 0 
430 506 0 
430 511 0 
431 479 0 
431 499 0 
431 508 0 
431 495 0 
431 511 0 
432 503 0 
432 496 0 
432 509 0 
432 501 0 
432 511 0 
433 502 1 
433 505 0 
433 510 0 
433 511 0 
433 500 1 
434 504 1 
434 500 1 
434 506 0 
434 512 0 
435 497 0 
435 501 0 
435 505 0 
435 495 0 
435 512 0 
436 494 1 
436 511 0 
436 512 0 
437 488 0 
437 507 0 
437 513 0 
438 485 0 
438 509 0 
438 508 0 
438 507 0 
439 487 0 
439 506 0 
439 513 0 
440 510 0 
440 505 0 
440 501 0 
440 507 0 
440 506 0 
441 476 0 
441 480 0 
441 514 0 
441 515 0 
441 516 0 
442 478 1 
442 514 0 
442 479 1 
442 517 1 
442 515 0 
443 479 0 
443 514 0 
443 493 0 
443 518 0 
443 519 0 
444 477 0 
444 515 0 
444 492 0 
444 518 0 
444 514 0 
445 480 0 
445 516 0 
445 490 0 
445 519 0 
445 514 0 
446 484 1 
446 517 1 
446 518 0 
446 491 1 
446 520 0 
447 485 0 
447 515 0 
447 519 0 
447 489 0 
447 520 0 
448 486 1 
448 514 0 
448 520 0 
449 478 0 
449 515 0 
449 503 0 
449 518 0 
449 521 0 
450 480 0 
450 516 0 
450 490 0 
450 515 0 
450 521 0 
451 481 1 
451 517 1 
451 518 0 
451 502 1 
451 522 0 
452 483 1 
452 515 0 
452 522 0 
453 485 0 
453 514 0 
453 521 0 
453 489 0 
453 522 0 
454 482 0 
454 518 0 
454 510 0 
454 523 0 
455 486 0 
455 519 0 
455 515 0 
455 509 0 
455 523 0 
456 483 0 
456 514 0 
456 521 0 
456 508 0 
456 523 0 
457 488 0 
457 520 0 
457 522 0 
457 523 0 
457 507 0 
458 497 0 
458 518 0 
458 520 0 
458 501 0 
458 524 0 
459 498 0 
459 519 0 
459 514 0 
459 499 0 
459 524 0 
460 503 0 
460 521 0 
460 519 0 
460 493 0 
460 517 0 
461 494 1 
461 523 0 
461 524 0 
461 517 1 
461 511 0 
462 495 0 
462 518 0 
462 522 0 
462 505 0 
462 524 0 
463 499 0 
463 515 0 
463 521 0 
463 496 0 
463 524 0 
464 489 0 
464 480 0 
464 508 0 
464 509 0 
464 525 0 
465 490 0 
465 516 0 
465 525 0 
465 521 0 
465 519 0 
466 499 0 
466 476 0 
466 525 0 
467 502 0 
467 493 0 
467 508 0 
467 510 0 
467 526 0 
468 503 0 
468 490 0 
468 525 0 
468 526 0 
468 493 0 
469 492 0 
469 519 0 
469 521 0 
469 526 0 
469 518 0 
470 505 0 
470 489 0 
470 499 0 
470 526 0 
470 501 0 
471 491 0 
471 503 0 
471 509 0 
471 510 0 
471 526 0 
472 508 0 
472 519 0 
472 522 0 
473 509 0 
473 521 0 
473 520 0 
474 514 0 
474 515 0 
474 519 0 
474 521 0 
474 527 0 
475 516 0 
475 527 0 
476 528 1 
476 529 0 
477 528 1 
477 530 1 
478 528 1 
478 530 1 
478 531 1 
478 532 0 
479 528 1 
479 530 1 
479 531 1 
479 533 0 
480 529 0 
480 528 0 
480 532 0 
480 533 0 
481 530 1 
481 531 1 
481 534 1 
481 535 0 
482 530 1 
482 534 1 
482 536 1 
483 528 1 
483 532 0 
483 535 0 
483 536 1 
484 531 1 
484 530 1 
484 534 1 
484 537 0 
485 532 0 
485 533 0 
485 535 0 
485 537 0 
486 533 0 
486 528 1 
486 536 1 
486 537 0 
487 534 1 
487 538 0 
488 535 0 
488 536 0 
488 537 0 
488 538 0 
489 528 0 
489 535 0 
489 537 0 
489 539 0 
490 529 0 
490 532 0 
490 533 0 
490 539 0 
491 531 1 
491 537 0 
491 534 1 
491 540 0 
492 532 0 
492 533 0 
492 530 0 
492 540 0 
493 533 0 
493 539 0 
493 531 0 
493 540 0 
494 531 1 
494 536 1 
494 541 0 
494 542 0 
495 530 0 
495 535 0 
495 541 0 
495 542 0 
496 532 0 
496 542 0 
497 530 0 
497 537 0 
497 541 0 
497 542 0 
498 533 0 
498 542 0 
499 528 0 
499 539 0 
499 542 0 
500 534 1 
500 541 0 
501 537 0 
501 540 0 
501 542 0 
501 541 0 
502 531 1 
502 535 0 
502 534 1 
502 540 0 
503 532 0 
503 539 0 
503 540 0 
503 531 0 
504 534 1 
504 541 0 
505 535 0 
505 542 0 
505 540 0 
505 541 0 
506 538 0 
506 541 0 
506 534 0 
507 537 0 
507 535 0 
507 538 0 
507 543 0 
508 533 0 
508 539 0 
508 535 0 
508 543 0 
509 539 0 
509 532 0 
509 537 0 
509 543 0 
510 540 0 
510 543 0 
510 534 0 
511 542 0 
511 531 0 
511 543 0 
511 541 0 
512 541 0 
513 538 0 
514 528 0 
514 533 0 
514 544 0 
514 545 0 
515 528 0 
515 532 0 
515 544 0 
515 545 0 
516 529 0 
516 545 0 
517 531 1 
517 544 0 
518 530 0 
518 544 0 
518 540 0 
519 533 0 
519 545 0 
519 539 0 
519 544 0 
520 537 0 
520 544 0 
521 532 0 
521 545 0 
521 539 0 
521 544 0 
522 535 0 
522 544 0 
523 536 0 
523 544 0 
523 543 0 
524 542 0 
524 544 0 
525 539 0 
525 529 0 
526 540 0 
526 539 0 
527 545 0 
528 546 1 
528 547 0 
529 547 0 
530 546 1 
530 548 1 
531 546 1 
531 548 1 
531 549 0 
532 547 0 
532 546 0 
532 549 0 
533 547 0 
533 546 0 
533 549 0 
534 548 1 
534 550 0 
535 546 0 
535 549 0 
535 550 0 
536 546 1 
536 550 0 
537 549 0 
537 546 0 
537 550 0 
538 550 0 
539 547 0 
539 549 0 
540 549 0 
540 548 0 
541 548 0 
541 550 0 
541 551 0 
542 549 0 
542 546 0 
542 551 0 
543 549 0 
543 550 0 
544 546 0 
544 549 0 
544 552 0 
545 547 0 
545 552 0 
546 553 1 
546 554 1 
547 554 0 
548 553 1 
549 554 0 
549 553 0 
550 553 0 
551 553 0 
552 554 0 
553 555 1 
554 555 1 
