vertices 74
0 0 1 1 1 0 0 0 0 0 0 0 0 0 0 0 0 
1 1 1 1 1 1 0 0 0 0 0 0 0 0 0 0 0 
2 3 1 1 1 1 1 0 0 0 0 0 0 0 0 0 0 
3 7 1 1 1 1 1 1 0 0 0 0 0 0 0 0 0 
4 13 1 1 1 1 1 0 0 1 0 0 0 0 0 0 0 
5 15 1 2 2 1 1 1 1 0 0 0 0 0 0 0 0 
6 23 1 2 2 1 1 1 0 1 0 0 0 0 0 0 0 
7 78 1 1 1 1 1 0 0 1 0 0 1 0 0 0 0 
8 29 1 1 1 1 1 0 0 1 0 0 0 1 0 0 0 
9 77 1 1 1 1 1 0 0 1 0 0 0 0 0 1 0 
10 31 1 5 5 1 1 1 1 1 0 0 0 0 0 0 0 
11 79 1 6 6 1 1 1 1 0 0 1 0 0 0 0 0 
12 87 1 3 3 1 1 1 0 1 0 1 0 0 0 0 0 
13 94 1 4 4 1 1 1 0 1 0 0 0 0 1 0 0 
14 107 1 4 4 1 1 1 0 1 0 0 0 0 0 1 0 
15 121 1 2 2 1 1 0 0 1 0 1 1 0 0 0 0 
16 217 1 2 2 1 1 0 0 1 0 0 1 0 0 1 0 
17 61 0 1 0 1 1 0 0 1 0 0 0 1 1 0 0 
18 93 1 2 2 1 1 0 0 1 0 0 0 1 0 1 0 
19 63 1 6 5 1 1 1 1 1 1 0 0 0 0 0 0 
20 95 1 20 20 1 1 1 1 1 0 1 0 0 0 0 0 
21 111 1 15 15 1 1 1 1 1 0 0 1 0 0 0 0 
22 119 1 8 8 1 1 1 1 1 0 0 0 1 0 0 0 
23 126 1 15 15 1 1 1 1 1 0 0 0 0 1 0 0 
24 123 1 20 20 1 1 1 1 1 0 0 0 0 0 1 0 
25 378 1 8 8 1 1 1 1 0 0 1 0 0 1 0 0 
26 219 1 14 14 1 1 1 1 0 0 1 0 0 0 1 0 
27 221 1 14 14 1 1 1 1 0 0 1 0 0 0 0 1 
28 343 1 3 3 1 1 1 0 1 0 1 0 1 0 0 0 
29 350 1 9 9 1 1 1 0 1 0 1 0 0 1 0 0 
30 125 0 16 0 1 1 1 0 1 0 1 0 0 0 1 0 
31 349 1 9 9 1 1 1 0 1 0 1 0 0 0 0 1 
32 222 1 8 8 1 1 1 0 1 0 0 0 0 1 1 0 
33 380 1 8 8 1 1 1 0 1 0 0 0 0 1 0 1 
34 377 1 8 8 1 1 1 0 1 0 0 0 0 0 1 1 
35 723 1 2 2 1 1 0 0 1 0 1 1 0 1 0 0 
36 249 0 6 0 1 1 0 0 1 0 1 1 0 0 1 0 
37 504 0 2 0 1 1 0 0 1 0 0 1 0 0 1 1 
38 746 1 2 2 1 1 0 0 1 0 1 0 1 0 1 0 
39 127 1 100 83 1 1 1 1 1 1 1 0 0 0 0 0 
40 223 1 106 106 1 1 1 1 1 0 1 1 0 0 0 0 
41 351 1 69 69 1 1 1 1 1 0 1 0 1 0 0 0 
42 382 1 74 74 1 1 1 1 1 0 1 0 0 1 0 0 
43 251 0 90 0 1 1 1 1 1 0 1 0 0 0 1 0 
44 750 1 53 53 1 1 1 1 1 0 1 0 0 0 0 1 
45 379 1 74 74 1 1 1 1 1 0 0 1 0 0 1 0 
46 727 1 53 53 1 1 1 1 1 0 0 0 0 0 1 1 
47 505 0 60 0 1 1 1 1 0 0 1 0 0 1 1 0 
48 733 1 52 52 1 1 1 1 0 0 1 0 0 0 1 1 
49 747 0 41 0 1 1 1 0 1 0 1 0 1 1 0 0 
50 381 0 58 0 1 1 1 0 1 0 1 0 0 1 1 0 
51 761 0 44 0 1 1 1 0 1 0 1 0 0 1 0 1 
52 255 1 296 189 1 1 1 1 1 1 1 1 0 0 0 0 
53 383 1 481 406 1 1 1 1 1 1 1 0 1 0 0 0 
54 751 1 464 406 1 1 1 1 1 1 1 0 0 0 0 1 
55 735 1 285 285 1 1 1 1 1 0 1 1 0 1 0 0 
56 507 0 462 0 1 1 1 1 1 0 1 1 0 0 1 0 
57 766 1 285 285 1 1 1 1 1 0 1 1 0 0 0 1 
58 763 0 350 0 1 1 1 1 1 0 1 0 1 0 1 0 
59 1013 0 231 0 1 1 1 1 1 0 1 0 0 1 0 1 
60 765 0 350 0 1 1 1 1 1 0 1 0 0 0 1 1 
61 1014 0 231 0 1 1 1 1 1 0 0 1 0 0 1 1 
62 1020 0 112 0 1 1 1 1 0 0 1 0 0 1 1 1 
63 1011 0 143 0 1 1 1 0 1 0 1 0 1 1 1 0 
64 511 1 1239 595 1 1 1 1 1 1 1 1 1 0 0 0 
65 767 1 2511 1571 1 1 1 1 1 1 1 1 0 1 0 0 
66 1015 0 2362 0 1 1 1 1 1 1 1 0 1 0 0 1 
67 1021 0 1956 0 1 1 1 1 1 0 1 1 0 1 1 0 
68 2007 0 843 0 1 1 1 1 1 0 1 0 1 0 1 1 
69 1023 1 8068 2166 1 1 1 1 1 1 1 1 1 1 0 0 
70 2015 0 7672 0 1 1 1 1 1 1 1 1 0 1 0 1 
71 2045 0 1956 0 1 1 1 1 1 0 1 1 0 1 1 1 
72 2047 1 17696 2166 1 1 1 1 1 1 1 1 1 1 1 0 
73 4095 1 17696 2166 1 1 1 1 1 1 1 1 1 1 1 1 
edges 264 
0 1 1 12 
1 2 1 5 
2 3 1 2 
2 4 1 4 
3 5 1 3 
3 6 1 3 
4 6 1 2 
4 5 1 1 
4 7 1 1 
4 8 1 2 
4 9 1 1 
5 10 1 4 
5 11 1 2 
6 10 1 2 
6 12 1 2 
6 11 1 1 
6 13 1 1 
6 14 1 1 
7 11 1 2 
7 13 1 2 
7 15 1 2 
7 16 1 2 
8 12 1 1 
8 10 1 1 
8 14 1 1 
8 13 1 1 
8 17 0 1 
8 18 1 1 
8 15 1 1 
9 14 1 2 
9 11 1 2 
9 18 1 2 
9 16 1 2 
10 19 1 1 
10 20 1 1 
10 21 1 1 
10 22 1 1 
10 23 1 1 
10 24 1 1 
11 20 1 1 
11 21 1 1 
11 23 1 1 
11 24 1 1 
11 25 1 1 
11 26 1 1 
11 27 1 1 
12 20 1 1 
12 22 1 1 
12 24 1 1 
12 28 1 1 
12 29 1 1 
12 30 0 1 
12 31 1 1 
13 23 1 1 
13 20 1 1 
13 29 1 1 
13 26 1 1 
13 30 0 1 
13 32 1 1 
13 33 1 1 
14 24 1 1 
14 21 1 1 
14 30 0 1 
14 27 1 1 
14 31 1 1 
14 32 1 1 
14 34 1 1 
15 24 1 1 
15 26 1 1 
15 30 0 1 
15 29 1 1 
15 35 1 1 
15 36 0 1 
15 34 1 1 
16 27 1 1 
16 25 1 1 
16 26 1 1 
16 36 0 1 
16 33 1 1 
16 34 1 1 
16 37 0 1 
17 30 0 5 
17 19 0 1 
18 31 1 1 
18 20 1 1 
18 27 1 1 
18 38 1 1 
18 33 1 1 
18 30 0 1 
18 36 0 1 
19 39 1 5 
20 39 1 1 
20 40 1 1 
20 41 1 1 
20 42 1 1 
20 43 0 1 
20 44 1 1 
21 39 1 2 
21 40 1 2 
21 45 1 2 
22 39 1 3 
22 41 1 3 
23 39 1 2 
23 42 1 2 
23 40 1 2 
24 39 1 1 
24 43 0 1 
24 45 1 1 
24 41 1 1 
24 40 1 1 
24 46 1 1 
25 42 1 2 
25 45 1 2 
25 47 0 2 
26 43 0 1 
26 40 1 1 
26 42 1 1 
26 46 1 1 
26 47 0 1 
26 48 1 1 
27 44 1 1 
27 45 1 1 
27 40 1 1 
27 43 0 1 
27 47 0 1 
27 48 1 1 
28 41 1 3 
28 49 0 3 
29 42 1 1 
29 41 1 1 
29 46 1 1 
29 49 0 1 
29 50 0 1 
29 51 0 1 
30 43 0 2 
30 39 0 1 
30 49 0 1 
30 50 0 2 
31 44 1 1 
31 41 1 1 
31 45 1 1 
31 49 0 1 
31 51 0 1 
31 50 0 1 
32 40 1 2 
32 50 0 2 
32 48 1 2 
33 42 1 1 
33 44 1 1 
33 51 0 1 
33 47 0 1 
33 50 0 1 
33 48 1 1 
34 46 1 1 
34 45 1 1 
34 50 0 1 
34 47 0 1 
34 51 0 1 
34 48 1 1 
35 46 1 2 
35 49 0 2 
35 51 0 2 
36 43 0 2 
36 47 0 2 
36 51 0 2 
37 47 0 6 
38 49 0 2 
38 44 1 2 
38 51 0 2 
39 52 1 2 
39 53 1 2 
39 54 1 1 
40 52 1 1 
40 53 1 1 
40 55 1 1 
40 56 0 1 
40 57 1 1 
41 53 1 2 
41 54 1 1 
41 58 0 2 
42 53 1 1 
42 55 1 1 
42 54 1 1 
42 56 0 1 
42 59 0 1 
43 52 0 1 
43 56 0 2 
43 58 0 1 
43 60 0 1 
44 54 1 1 
44 57 1 1 
44 58 0 1 
44 59 0 1 
44 60 0 1 
45 53 1 1 
45 56 0 1 
45 54 1 1 
45 57 1 1 
45 61 0 1 
46 54 1 1 
46 60 0 1 
46 61 0 1 
46 58 0 1 
46 55 1 1 
47 56 0 2 
47 59 0 1 
47 61 0 1 
47 62 0 1 
48 60 0 2 
48 57 1 1 
48 55 1 1 
48 62 0 1 
49 54 0 1 
49 58 0 2 
49 63 0 2 
50 56 0 1 
50 53 0 1 
50 60 0 2 
50 63 0 1 
51 59 0 1 
51 58 0 1 
51 61 0 1 
51 63 0 1 
51 60 0 1 
52 64 1 2 
52 65 1 2 
53 64 1 1 
53 65 1 2 
53 66 0 1 
54 65 1 2 
54 66 0 2 
55 65 1 2 
55 67 0 2 
56 64 0 1 
56 66 0 1 
56 67 0 2 
57 65 1 2 
57 67 0 2 
58 65 0 1 
58 66 0 2 
58 68 0 1 
59 66 0 2 
59 67 0 2 
60 65 0 1 
60 67 0 2 
60 68 0 1 
61 66 0 2 
61 67 0 2 
62 67 0 4 
63 66 0 2 
63 68 0 2 
64 69 1 3 
65 69 1 2 
65 70 0 1 
66 69 0 1 
66 70 0 2 
67 69 0 1 
67 70 0 1 
67 71 0 1 
68 70 0 3 
69 72 1 2 
70 72 0 2 
71 72 0 2 
72 73 1 1 
