vertices 128
0 0 1 1 1 0 0 0 0 0 0 0 0 0 0 0 0 
1 1 1 1 1 1 0 0 0 0 0 0 0 0 0 0 0 
2 3 1 1 1 1 1 0 0 0 0 0 0 0 0 0 0 
3 7 1 1 1 1 1 1 0 0 0 0 0 0 0 0 0 
4 19 1 1 1 1 1 0 0 1 0 0 0 0 0 0 0 
5 13 1 1 1 1 1 0 0 0 1 0 0 0 0 0 0 
6 14 1 1 1 1 1 0 0 0 0 0 1 0 0 0 0 
7 15 1 3 3 1 1 1 1 0 0 0 0 0 0 0 0 
8 23 1 3 3 1 1 1 0 1 0 0 0 0 0 0 0 
9 27 1 2 2 1 1 0 1 1 0 0 0 0 0 0 0 
10 78 1 2 2 1 1 0 0 1 0 0 1 0 0 0 0 
11 29 1 1 1 1 1 0 0 0 1 1 0 0 0 0 0 
12 30 1 2 2 1 1 0 0 0 1 0 1 0 0 0 0 
13 31 1 11 11 1 1 1 1 1 0 0 0 0 0 0 0 
14 47 1 5 5 1 1 1 1 0 1 0 0 0 0 0 0 
15 79 1 8 8 1 1 1 1 0 0 1 0 0 0 0 0 
16 55 1 6 6 1 1 1 1 0 0 0 0 1 0 0 0 
17 211 1 7 7 1 1 1 1 0 0 0 0 0 1 0 0 
18 59 1 5 5 1 1 1 0 1 0 1 0 0 0 0 0 
19 179 1 7 7 1 1 1 0 1 0 0 0 0 1 0 0 
20 91 1 2 2 1 1 0 1 1 0 1 0 0 0 0 0 
21 110 1 4 4 1 1 0 1 1 0 0 1 0 0 0 0 
22 62 0 4 0 1 1 0 1 1 0 0 0 1 0 0 0 
23 94 1 4 4 1 1 0 0 1 0 0 1 1 0 0 0 
24 376 1 2 2 1 1 0 0 1 0 0 1 0 1 0 0 
25 248 1 2 2 1 1 0 0 1 0 0 1 0 0 0 1 
26 109 1 2 2 1 1 0 0 0 1 0 1 1 0 0 0 
27 63 1 31 27 1 1 1 1 1 1 0 0 0 0 0 0 
28 95 1 30 30 1 1 1 1 1 0 1 0 0 0 0 0 
29 111 1 30 30 1 1 1 1 1 0 0 1 0 0 0 0 
30 243 1 25 25 1 1 1 1 1 0 0 0 0 1 0 0 
31 175 1 5 5 1 1 1 1 0 1 0 1 0 0 0 0 
32 183 1 26 26 1 1 1 1 0 1 0 0 1 0 0 0 
33 245 0 16 0 1 1 1 1 0 1 0 0 0 1 0 0 
34 350 1 16 16 1 1 1 1 0 1 0 0 0 0 1 0 
35 215 1 26 26 1 1 1 1 0 0 1 0 1 0 0 0 
36 249 1 17 17 1 1 1 1 0 0 1 0 0 1 0 0 
37 377 1 17 17 1 1 1 1 0 0 1 0 0 0 1 0 
38 380 1 13 13 1 1 1 1 0 0 0 0 0 1 1 0 
39 219 1 13 13 1 1 1 1 0 0 0 0 0 1 0 1 
40 343 1 5 5 1 1 1 0 1 0 1 0 1 0 0 0 
41 187 1 16 16 1 1 1 0 1 0 1 0 0 1 0 0 
42 246 0 16 0 1 1 1 0 1 0 1 0 0 0 1 0 
43 222 1 13 13 1 1 1 0 1 0 0 0 0 1 1 0 
44 250 1 13 13 1 1 1 0 1 0 0 0 0 1 0 1 
45 347 0 6 0 1 1 0 1 1 0 1 0 1 0 0 0 
46 126 0 12 0 1 1 0 1 1 0 0 1 1 0 0 0 
47 252 0 6 0 1 1 0 1 1 0 0 1 0 0 0 1 
48 190 0 6 0 1 1 0 1 1 0 0 0 1 0 0 1 
49 378 0 6 0 1 1 0 0 1 0 0 1 1 1 0 0 
50 504 0 4 0 1 1 0 0 1 0 0 1 0 1 0 1 
51 127 1 103 87 1 1 1 1 1 1 1 0 0 0 0 0 
52 191 1 114 104 1 1 1 1 1 1 0 1 0 0 0 0 
53 247 1 140 104 1 1 1 1 1 1 0 0 1 0 0 0 
54 351 1 114 104 1 1 1 1 1 1 0 0 0 0 1 0 
55 223 1 138 138 1 1 1 1 1 0 1 1 0 0 0 0 
56 251 1 114 114 1 1 1 1 1 0 1 0 0 1 0 0 
57 379 0 75 0 1 1 1 1 1 0 1 0 0 0 1 0 
58 381 1 114 114 1 1 1 1 1 0 0 1 0 1 0 0 
59 253 0 75 0 1 1 1 1 1 0 0 1 0 0 0 1 
60 687 0 37 0 1 1 1 1 0 1 0 1 0 1 0 0 
61 815 0 84 0 1 1 1 1 0 1 0 0 1 1 0 0 
62 719 1 72 72 1 1 1 1 0 1 0 0 1 0 1 0 
63 695 1 43 43 1 1 1 1 0 1 0 0 1 0 0 1 
64 382 0 82 0 1 1 1 1 0 1 0 0 0 1 1 0 
65 859 0 35 0 1 1 1 1 0 1 0 0 0 1 0 1 
66 979 0 35 0 1 1 1 1 0 1 0 0 0 0 1 1 
67 847 1 43 43 1 1 1 1 0 0 1 0 1 1 0 0 
68 699 1 72 72 1 1 1 1 0 0 1 0 1 0 1 0 
69 505 0 76 0 1 1 1 1 0 0 1 0 0 1 1 0 
70 878 0 36 0 1 1 1 1 0 0 1 0 0 1 0 1 
71 890 0 36 0 1 1 1 1 0 0 1 0 0 0 1 1 
72 731 1 26 26 1 1 1 1 0 0 0 0 0 1 1 1 
73 855 0 37 0 1 1 1 0 1 0 1 0 1 1 0 0 
74 254 0 82 0 1 1 1 0 1 0 1 0 0 1 1 0 
75 750 0 35 0 1 1 1 0 1 0 1 0 0 1 0 1 
76 702 0 35 0 1 1 1 0 1 0 1 0 0 0 1 1 
77 734 1 26 26 1 1 1 0 1 0 0 0 0 1 1 1 
78 981 0 6 0 1 1 0 1 1 0 1 0 1 0 1 0 
79 886 0 12 0 1 1 0 1 1 0 1 0 1 0 0 1 
80 1001 0 6 0 1 1 0 1 1 0 0 1 0 0 1 1 
81 749 0 6 0 1 1 0 1 1 0 0 0 1 0 1 1 
82 1012 0 6 0 1 1 0 0 1 0 0 1 1 1 1 0 
83 255 1 766 547 1 1 1 1 1 1 1 1 0 0 0 0 
84 383 1 766 547 1 1 1 1 1 1 1 0 1 0 0 0 
85 703 1 555 437 1 1 1 1 1 1 0 1 0 1 0 0 
86 887 0 398 0 1 1 1 1 1 1 0 1 0 0 1 0 
87 751 0 339 0 1 1 1 1 1 1 0 1 0 0 0 1 
88 831 1 224 104 1 1 1 1 1 1 0 0 1 1 0 0 
89 863 1 555 437 1 1 1 1 1 1 0 0 1 0 1 0 
90 983 0 339 0 1 1 1 1 1 1 0 0 0 0 1 1 
91 735 1 562 562 1 1 1 1 1 0 1 1 0 1 0 0 
92 891 0 411 0 1 1 1 1 1 0 1 1 0 0 1 0 
93 879 0 411 0 1 1 1 1 1 0 1 1 0 0 0 1 
94 507 0 618 0 1 1 1 1 1 0 1 0 0 1 1 0 
95 1006 0 185 0 1 1 1 1 1 0 1 0 0 1 0 1 
96 1014 0 164 0 1 1 1 1 1 0 1 0 0 0 1 1 
97 1011 0 185 0 1 1 1 1 1 0 0 1 0 1 1 0 
98 1003 0 164 0 1 1 1 1 1 0 0 1 0 0 1 1 
99 1013 0 201 0 1 1 1 1 0 1 0 1 0 1 1 0 
100 894 0 476 0 1 1 1 1 0 1 0 0 1 1 1 0 
101 1017 0 232 0 1 1 1 1 0 1 0 0 1 0 1 1 
102 987 0 178 0 1 1 1 1 0 1 0 0 0 1 1 1 
103 1020 0 232 0 1 1 1 1 0 0 1 0 1 1 1 0 
104 1018 0 200 0 1 1 1 1 0 0 1 0 0 1 1 1 
105 1005 0 201 0 1 1 1 0 1 0 1 0 1 1 1 0 
106 766 0 178 0 1 1 1 0 1 0 1 0 0 1 1 1 
107 1963 0 24 0 1 1 0 1 1 0 1 0 1 0 1 1 
108 511 1 2150 1094 1 1 1 1 1 1 1 1 1 0 0 0 
109 767 1 2400 1546 1 1 1 1 1 1 1 1 0 1 0 0 
110 895 1 4562 2072 1 1 1 1 1 1 1 1 0 0 1 0 
111 1007 0 3019 0 1 1 1 1 1 1 1 1 0 0 0 1 
112 991 1 2400 1546 1 1 1 1 1 1 1 0 1 0 1 0 
113 1015 0 3019 0 1 1 1 1 1 1 1 0 1 0 0 1 
114 1021 0 3272 0 1 1 1 1 1 1 0 1 0 1 0 1 
115 1967 0 2306 0 1 1 1 1 1 1 0 1 0 0 1 1 
116 1019 0 3026 0 1 1 1 1 1 0 1 1 0 1 1 0 
117 1022 0 3026 0 1 1 1 1 1 0 1 1 0 1 0 1 
118 1975 0 1150 0 1 1 1 1 1 0 1 1 0 0 1 1 
119 2011 0 379 0 1 1 1 1 0 1 0 1 0 1 1 1 
120 2029 0 379 0 1 1 1 0 1 0 1 0 1 1 1 1 
121 1023 1 26874 6258 1 1 1 1 1 1 1 1 1 1 0 0 
122 2031 0 14402 0 1 1 1 1 1 1 1 1 0 1 0 1 
123 1983 0 14056 0 1 1 1 1 1 1 1 1 0 0 1 1 
124 2015 0 14402 0 1 1 1 1 1 1 1 0 1 0 1 1 
125 2046 0 7202 0 1 1 1 1 1 0 1 1 0 1 1 1 
126 2047 1 76936 6258 1 1 1 1 1 1 1 1 1 1 1 0 
127 4095 1 76936 6258 1 1 1 1 1 1 1 1 1 1 1 1 
edges 494 
0 1 1 
1 2 1 
2 3 1 
2 4 1 
2 5 1 
2 6 1 
3 7 1 
3 8 1 
4 8 1 
4 9 1 
4 10 1 
5 7 1 
5 8 1 
5 11 1 
5 12 1 
5 9 1 
6 7 1 
6 10 1 
6 12 1 
7 13 1 
7 14 1 
7 15 1 
7 16 1 
7 17 1 
8 13 1 
8 16 1 
8 18 1 
8 15 1 
8 19 1 
9 13 1 
9 18 1 
9 20 1 
9 21 1 
9 22 0 
9 17 1 
10 15 1 
10 21 1 
10 19 1 
10 17 1 
10 23 1 
10 24 1 
10 25 1 
11 13 1 
12 14 1 
12 19 1 
12 13 1 
12 26 1 
12 22 0 
12 23 1 
13 27 1 
13 28 1 
13 29 1 
13 30 1 
14 27 1 
14 29 1 
14 31 1 
14 32 1 
14 33 0 
14 34 1 
15 28 1 
15 29 1 
15 32 1 
15 35 1 
15 36 1 
15 37 1 
16 27 1 
16 32 1 
16 35 1 
17 30 1 
17 33 0 
17 36 1 
17 34 1 
17 35 1 
17 38 1 
17 39 1 
18 28 1 
18 27 1 
18 35 1 
18 40 1 
18 41 1 
18 42 0 
19 30 1 
19 32 1 
19 41 1 
19 37 1 
19 42 0 
19 43 1 
19 44 1 
20 28 1 
20 39 1 
20 45 0 
21 29 1 
21 41 1 
21 39 1 
21 46 0 
21 38 1 
21 47 0 
22 27 0 
22 42 0 
22 45 0 
22 46 0 
22 33 0 
22 48 0 
23 28 1 
23 46 0 
23 43 1 
23 34 1 
23 49 0 
23 44 1 
24 37 1 
24 38 1 
24 49 0 
24 50 0 
25 36 1 
25 47 0 
25 44 1 
25 50 0 
26 29 1 
26 48 0 
26 43 1 
27 51 1 
27 52 1 
27 53 1 
27 54 1 
28 51 1 
28 55 1 
28 54 1 
28 56 1 
28 57 0 
29 52 1 
29 55 1 
29 51 1 
29 58 1 
29 59 0 
30 53 1 
30 56 1 
30 58 1 
31 52 1 
31 60 0 
32 53 1 
32 55 1 
32 52 1 
32 61 0 
32 62 1 
32 63 1 
33 53 0 
33 59 0 
33 60 0 
33 61 0 
33 64 0 
33 65 0 
34 54 1 
34 58 1 
34 60 0 
34 62 1 
34 64 0 
34 66 0 
35 54 1 
35 55 1 
35 53 1 
35 67 1 
35 68 1 
35 61 0 
36 56 1 
36 59 0 
36 62 1 
36 67 1 
36 69 0 
36 70 0 
37 57 0 
37 58 1 
37 63 1 
37 68 1 
37 69 0 
37 71 0 
38 58 1 
38 64 0 
38 69 0 
38 66 0 
38 68 1 
38 72 1 
39 56 1 
39 65 0 
39 70 0 
39 64 0 
39 55 1 
39 72 1 
40 54 1 
40 73 0 
41 56 1 
41 52 1 
41 68 1 
41 73 0 
41 74 0 
41 75 0 
42 57 0 
42 53 0 
42 61 0 
42 73 0 
42 74 0 
42 76 0 
43 58 1 
43 55 1 
43 74 0 
43 71 0 
43 76 0 
43 77 1 
44 56 1 
44 62 1 
44 75 0 
44 69 0 
44 74 0 
44 77 1 
45 54 0 
45 57 0 
45 64 0 
45 65 0 
45 78 0 
45 79 0 
46 51 0 
46 74 0 
46 64 0 
47 59 0 
47 75 0 
47 70 0 
47 74 0 
47 69 0 
47 80 0 
48 52 0 
48 76 0 
48 79 0 
48 74 0 
48 59 0 
48 81 0 
49 57 0 
49 64 0 
49 71 0 
49 66 0 
49 82 0 
49 69 0 
50 69 0 
51 83 1 
51 84 1 
52 83 1 
52 85 1 
52 86 0 
52 87 0 
53 84 1 
53 83 1 
53 88 1 
53 89 1 
53 85 1 
54 84 1 
54 86 0 
54 89 1 
54 90 0 
55 83 1 
55 84 1 
55 91 1 
55 92 0 
55 93 0 
56 83 1 
56 91 1 
56 89 1 
56 94 0 
56 95 0 
57 84 0 
57 92 0 
57 90 0 
57 94 0 
57 96 0 
58 85 1 
58 91 1 
58 84 1 
58 97 0 
58 94 0 
59 87 0 
59 93 0 
59 83 0 
59 94 0 
59 98 0 
60 85 0 
60 87 0 
60 86 0 
60 99 0 
61 88 0 
61 93 0 
61 86 0 
61 100 0 
61 92 0 
62 89 1 
62 91 1 
62 87 0 
62 100 0 
62 101 0 
63 85 1 
63 92 0 
63 101 0 
64 84 0 
64 94 0 
64 99 0 
64 100 0 
64 102 0 
65 89 0 
65 98 0 
65 99 0 
65 92 0 
65 102 0 
66 90 0 
66 97 0 
66 99 0 
66 101 0 
66 102 0 
67 89 1 
67 93 0 
67 103 0 
68 90 0 
68 91 1 
68 85 1 
68 103 0 
68 100 0 
69 94 0 
69 101 0 
69 103 0 
69 104 0 
70 95 0 
70 98 0 
70 100 0 
70 93 0 
70 104 0 
71 96 0 
71 97 0 
71 92 0 
71 100 0 
71 104 0 
72 91 1 
72 102 0 
72 104 0 
73 89 0 
73 86 0 
73 90 0 
73 105 0 
74 94 0 
74 83 0 
74 100 0 
74 105 0 
74 106 0 
75 95 0 
75 87 0 
75 103 0 
75 105 0 
75 106 0 
76 96 0 
76 85 0 
76 93 0 
76 105 0 
76 106 0 
77 91 1 
77 106 0 
77 104 0 
78 90 0 
78 99 0 
78 107 0 
79 86 0 
79 96 0 
79 100 0 
79 98 0 
79 107 0 
80 98 0 
80 105 0 
80 101 0 
81 87 0 
81 105 0 
81 107 0 
82 96 0 
82 99 0 
82 103 0 
83 108 1 
83 109 1 
83 110 1 
83 111 0 
84 108 1 
84 110 1 
84 112 1 
84 113 0 
85 109 1 
85 110 1 
85 113 0 
85 114 0 
86 110 0 
86 111 0 
86 113 0 
86 115 0 
87 111 0 
87 109 0 
87 114 0 
87 115 0 
88 110 1 
89 112 1 
89 111 0 
89 110 1 
89 114 0 
90 113 0 
90 115 0 
90 114 0 
90 112 0 
91 109 1 
91 112 1 
91 116 0 
91 117 0 
92 110 0 
92 113 0 
92 116 0 
92 118 0 
93 111 0 
93 110 0 
93 117 0 
93 118 0 
94 108 0 
94 116 0 
94 114 0 
94 117 0 
95 111 0 
95 117 0 
96 113 0 
96 118 0 
96 115 0 
96 117 0 
97 113 0 
97 116 0 
98 115 0 
98 118 0 
98 111 0 
98 116 0 
99 113 0 
99 114 0 
99 115 0 
99 119 0 
100 110 0 
100 117 0 
100 115 0 
100 116 0 
101 114 0 
101 116 0 
102 112 0 
102 116 0 
102 119 0 
103 114 0 
103 117 0 
104 117 0 
104 116 0 
105 114 0 
105 111 0 
105 115 0 
105 120 0 
106 117 0 
106 109 0 
106 120 0 
107 115 0 
108 121 1 
109 121 1 
109 122 0 
110 121 1 
110 123 0 
111 121 0 
111 122 0 
111 123 0 
112 121 1 
112 124 0 
113 121 0 
113 123 0 
113 124 0 
114 122 0 
114 121 0 
114 124 0 
115 123 0 
115 122 0 
115 124 0 
116 121 0 
116 124 0 
116 125 0 
117 122 0 
117 121 0 
117 125 0 
118 123 0 
118 125 0 
119 124 0 
120 122 0 
121 126 1 
122 126 0 
123 126 0 
124 126 0 
125 126 0 
126 127 1 
