vertices 341
0 0 1 1 1 0 0 0 0 0 0 0 0 0 0 0 0 0 0 
1 1 1 1 1 1 0 0 0 0 0 0 0 0 0 0 0 0 0 
2 2 1 1 1 0 2 0 0 0 0 0 0 0 0 0 0 0 0 
3 3 1 2 2 1 2 0 0 0 0 0 0 0 0 0 0 0 0 
4 7 1 2 2 1 2 2 0 0 0 0 0 0 0 0 0 0 0 
5 19 1 2 2 1 2 0 0 1 0 0 0 0 0 0 0 0 0 
6 35 1 2 2 1 2 0 0 0 1 0 0 0 0 0 0 0 0 
7 15 1 2 2 1 2 2 2 0 0 0 0 0 0 0 0 0 0 
8 23 1 4 4 1 2 2 0 1 0 0 0 0 0 0 0 0 0 
9 39 1 4 4 1 2 2 0 0 1 0 0 0 0 0 0 0 0 
10 27 1 4 4 1 2 2 0 0 0 1 0 0 0 0 0 0 0 
11 43 1 4 4 1 2 2 0 0 0 0 1 0 0 0 0 0 0 
12 29 1 4 4 1 2 2 0 0 0 0 0 1 0 0 0 0 0 
13 51 1 4 4 1 2 0 0 1 1 0 0 0 0 0 0 0 0 
14 31 1 14 14 1 2 2 2 1 0 0 0 0 0 0 0 0 0 
15 47 1 10 10 1 2 2 2 0 1 0 0 0 0 0 0 0 0 
16 55 1 12 12 1 2 2 0 1 1 0 0 0 0 0 0 0 0 
17 59 1 16 16 1 2 2 0 1 0 1 0 0 0 0 0 0 0 
18 151 1 8 8 1 2 2 0 1 0 0 1 0 0 0 0 0 0 
19 93 1 8 8 1 2 2 0 1 0 0 0 1 0 0 0 0 0 
20 1047 1 8 8 1 2 2 0 1 0 0 0 0 0 2 0 0 0 
21 91 1 16 16 1 2 2 0 0 1 1 0 0 0 0 0 0 0 
22 167 1 8 8 1 2 2 0 0 1 0 1 0 0 0 0 0 0 
23 157 1 8 8 1 2 2 0 0 1 0 0 1 0 0 0 0 0 
24 1063 1 4 4 1 2 2 0 0 1 0 0 0 0 2 0 0 0 
25 94 0 8 0 1 2 2 0 0 1 0 0 0 0 0 2 0 0 
26 107 1 12 12 1 2 2 0 0 0 0 1 1 0 0 0 0 0 
27 1110 1 4 4 1 2 2 0 0 0 0 1 0 0 0 0 2 0 
28 115 1 4 4 1 2 0 0 1 1 1 0 0 0 0 0 0 0 
29 63 1 52 52 1 2 2 2 1 1 0 0 0 0 0 0 0 0 
30 95 1 62 54 1 2 2 2 1 0 1 0 0 0 0 0 0 0 
31 159 1 40 40 1 2 2 2 1 0 0 1 0 0 0 0 0 0 
32 111 1 52 52 1 2 2 2 1 0 0 0 0 1 0 0 0 0 
33 1055 1 22 22 1 2 2 2 1 0 0 0 0 0 2 0 0 0 
34 175 1 18 18 1 2 2 2 0 1 0 1 0 0 0 0 0 0 
35 1071 0 22 0 1 2 2 2 0 1 0 0 0 0 2 0 0 0 
36 1118 0 22 0 1 2 2 2 0 1 0 0 0 0 0 2 0 0 
37 119 1 60 60 1 2 2 0 1 1 1 0 0 0 0 0 0 0 
38 183 1 28 28 1 2 2 0 1 1 0 1 0 0 0 0 0 0 
39 221 1 28 28 1 2 2 0 1 1 0 0 1 0 0 0 0 0 
40 1079 1 40 40 1 2 2 0 1 1 0 0 0 0 2 0 0 0 
41 126 0 32 0 1 2 2 0 1 1 0 0 0 0 0 2 0 0 
42 215 1 24 24 1 2 2 0 1 0 1 1 0 0 0 0 0 0 
43 231 1 48 48 1 2 2 0 1 0 1 0 1 0 0 0 0 0 
44 1111 1 40 40 1 2 2 0 1 0 1 0 0 0 2 0 0 0 
45 246 1 28 28 1 2 2 0 1 0 0 1 1 0 0 0 0 0 
46 1175 1 16 16 1 2 2 0 1 0 0 1 0 0 2 0 0 0 
47 222 0 16 0 1 2 2 0 1 0 0 1 0 0 0 2 0 0 
48 1238 1 12 12 1 2 2 0 1 0 0 1 0 0 0 0 2 0 
49 1085 1 16 16 1 2 2 0 1 0 0 0 1 0 2 0 0 0 
50 1117 1 16 16 1 2 2 0 1 0 0 0 1 0 0 0 2 0 
51 1181 1 16 16 1 2 2 0 1 0 0 0 0 0 2 0 0 1 
52 359 1 24 24 1 2 2 0 0 1 1 0 1 0 0 0 0 0 
53 374 1 28 28 1 2 2 0 0 1 0 1 1 0 0 0 0 0 
54 1191 1 12 12 1 2 2 0 0 1 0 1 0 0 2 0 0 0 
55 350 0 16 0 1 2 2 0 0 1 0 1 0 0 0 2 0 0 
56 1366 1 12 12 1 2 2 0 0 1 0 1 0 0 0 0 2 0 
57 1319 1 12 12 1 2 2 0 0 1 0 0 1 0 2 0 0 0 
58 366 0 16 0 1 2 2 0 0 1 0 0 1 0 0 2 0 0 
59 127 1 258 218 1 2 2 2 1 1 1 0 0 0 0 0 0 0 
60 191 1 138 138 1 2 2 2 1 1 0 1 0 0 0 0 0 0 
61 223 1 222 198 1 2 2 2 1 1 0 0 1 0 0 0 0 0 
62 239 1 170 170 1 2 2 2 1 1 0 0 0 1 0 0 0 0 
63 1087 1 214 184 1 2 2 2 1 1 0 0 0 0 2 0 0 0 
64 1150 0 146 0 1 2 2 2 1 1 0 0 0 0 0 2 0 0 
65 351 1 126 102 1 2 2 2 1 0 1 0 1 0 0 0 0 0 
66 367 1 222 198 1 2 2 2 1 0 1 0 0 1 0 0 0 0 
67 1119 1 214 184 1 2 2 2 1 0 1 0 0 0 2 0 0 0 
68 431 1 138 138 1 2 2 2 1 0 0 1 0 1 0 0 0 0 
69 1183 1 94 94 1 2 2 2 1 0 0 1 0 0 2 0 0 0 
70 1327 0 90 0 1 2 2 2 1 0 0 1 0 0 0 2 0 0 
71 1615 0 90 0 1 2 2 2 1 0 0 1 0 0 0 0 2 0 
72 1135 0 146 0 1 2 2 2 1 0 0 0 0 1 0 0 2 0 
73 687 1 18 18 1 2 2 2 0 1 0 1 0 1 0 0 0 0 
74 1199 0 52 0 1 2 2 2 0 1 0 1 0 0 2 0 0 0 
75 1374 0 102 0 1 2 2 2 0 1 0 1 0 0 0 2 0 0 
76 1679 0 52 0 1 2 2 2 0 1 0 1 0 0 0 0 2 0 
77 3119 0 44 0 1 2 2 2 0 1 0 0 0 0 2 2 0 0 
78 1438 0 50 0 1 2 2 2 0 1 0 0 0 0 2 0 0 1 
79 1246 0 50 0 1 2 2 2 0 1 0 0 0 0 0 2 0 1 
80 247 1 188 188 1 2 2 0 1 1 1 1 0 0 0 0 0 0 
81 375 1 188 188 1 2 2 0 1 1 1 0 1 0 0 0 0 0 
82 1143 1 140 140 1 2 2 0 1 1 1 0 0 0 2 0 0 0 
83 439 1 112 112 1 2 2 0 1 1 0 1 1 0 0 0 0 0 
84 1207 1 96 96 1 2 2 0 1 1 0 1 0 0 2 0 0 0 
85 382 0 136 0 1 2 2 0 1 1 0 1 0 0 0 2 0 0 
86 1494 1 52 52 1 2 2 0 1 1 0 1 0 0 0 0 2 0 
87 1335 1 96 96 1 2 2 0 1 1 0 0 1 0 2 0 0 0 
88 494 0 76 0 1 2 2 0 1 1 0 0 1 0 0 2 0 0 
89 1245 1 60 60 1 2 2 0 1 1 0 0 1 0 0 0 2 0 
90 1255 1 116 116 1 2 2 0 1 1 0 0 0 1 2 0 0 0 
91 1383 1 92 92 1 2 2 0 1 1 0 0 0 0 2 0 0 1 
92 254 0 76 0 1 2 2 0 1 1 0 0 0 0 0 2 0 1 
93 1239 1 92 92 1 2 2 0 1 0 1 1 0 0 2 0 0 0 
94 1367 1 116 116 1 2 2 0 1 0 1 0 1 0 2 0 0 0 
95 1270 1 96 96 1 2 2 0 1 0 1 0 0 1 2 0 0 0 
96 1398 1 96 96 1 2 2 0 1 0 1 0 0 0 2 0 0 1 
97 1431 1 60 60 1 2 2 0 1 0 0 1 1 0 2 0 0 0 
98 1687 1 32 32 1 2 2 0 1 0 0 1 0 1 2 0 0 0 
99 1646 0 32 0 1 2 2 0 1 0 0 1 0 0 2 2 0 0 
100 3260 0 28 0 1 2 2 0 1 0 0 1 0 0 2 0 2 0 
101 1894 0 32 0 1 2 2 0 1 0 0 1 0 0 2 0 0 1 
102 446 0 32 0 1 2 2 0 1 0 0 1 0 0 0 2 0 1 
103 1645 0 24 0 1 2 2 0 1 0 0 1 0 1 0 0 2 0 
104 1750 1 12 12 1 2 2 0 1 0 0 1 0 0 0 0 2 1 
105 1149 0 32 0 1 2 2 0 1 0 0 0 1 1 2 0 0 0 
106 3133 0 32 0 1 2 2 0 1 0 0 0 1 0 2 0 2 0 
107 1213 1 32 32 1 2 2 0 1 0 0 0 1 0 2 0 0 1 
108 1390 0 32 0 1 2 2 0 1 0 0 0 0 0 2 2 0 1 
109 3229 0 28 0 1 2 2 0 1 0 0 0 0 0 2 0 2 1 
110 1447 1 52 52 1 2 2 0 0 1 0 1 1 0 2 0 0 0 
111 1703 1 12 12 1 2 2 0 0 1 0 1 0 1 2 0 0 0 
112 3245 0 24 0 1 2 2 0 0 1 0 1 0 0 2 0 2 0 
113 1404 0 24 0 1 2 2 0 0 1 0 1 0 0 2 0 0 1 
114 1709 1 12 12 1 2 2 0 0 1 0 1 0 1 0 0 2 0 
115 1468 1 12 12 1 2 2 0 0 1 0 0 1 0 2 0 0 1 
116 255 1 1052 912 1 2 2 2 1 1 1 1 0 0 0 0 0 0 
117 383 1 1340 1092 1 2 2 2 1 1 1 0 1 0 0 0 0 0 
118 495 1 1052 912 1 2 2 2 1 1 1 0 0 1 0 0 0 0 
119 1151 1 1150 726 1 2 2 2 1 1 1 0 0 0 2 0 0 0 
120 447 1 864 784 1 2 2 2 1 1 0 1 1 0 0 0 0 0 
121 703 1 464 464 1 2 2 2 1 1 0 1 0 1 0 0 0 0 
122 1215 1 626 544 1 2 2 2 1 1 0 1 0 0 2 0 0 0 
123 1406 0 764 0 1 2 2 2 1 1 0 1 0 0 0 2 0 0 
124 1743 0 332 0 1 2 2 2 1 1 0 1 0 0 0 0 2 0 
125 1343 1 622 478 1 2 2 2 1 1 0 0 1 0 2 0 0 0 
126 1662 0 658 0 1 2 2 2 1 1 0 0 1 0 0 2 0 0 
127 1247 1 732 628 1 2 2 2 1 1 0 0 1 0 0 0 2 0 
128 1375 1 1058 872 1 2 2 2 1 1 0 0 0 1 2 0 0 0 
129 1935 0 484 0 1 2 2 2 1 1 0 0 0 1 0 2 0 0 
130 1263 0 484 0 1 2 2 2 1 1 0 0 0 1 0 0 2 0 
131 3135 0 796 0 1 2 2 2 1 1 0 0 0 0 2 2 0 0 
132 1439 1 732 628 1 2 2 2 1 1 0 0 0 0 2 0 0 1 
133 1278 0 368 0 1 2 2 2 1 1 0 0 0 0 0 2 0 1 
134 1631 1 622 478 1 2 2 2 1 0 1 0 0 1 2 0 0 0 
135 1391 0 658 0 1 2 2 2 1 0 1 0 0 1 0 0 2 0 
136 1695 1 626 544 1 2 2 2 1 0 1 0 0 0 2 0 0 1 
137 1455 0 332 0 1 2 2 2 1 0 0 1 0 1 0 2 0 0 
138 1647 0 764 0 1 2 2 2 1 0 0 1 0 1 0 0 2 0 
139 3231 0 244 0 1 2 2 2 1 0 0 1 0 0 2 2 0 0 
140 3262 0 244 0 1 2 2 2 1 0 0 1 0 0 2 0 2 0 
141 3514 0 126 0 1 2 2 2 1 0 0 1 0 0 2 0 0 1 
142 3294 0 324 0 1 2 2 2 1 0 0 1 0 0 0 2 2 0 
143 1470 0 184 0 1 2 2 2 1 0 0 1 0 0 0 2 0 1 
144 1758 0 184 0 1 2 2 2 1 0 0 1 0 0 0 0 2 1 
145 1950 0 368 0 1 2 2 2 1 0 0 0 0 1 0 0 2 1 
146 1711 0 248 0 1 2 2 2 0 1 0 1 0 1 2 0 0 0 
147 3247 0 274 0 1 2 2 2 0 1 0 1 0 0 2 2 0 0 
148 3727 0 128 0 1 2 2 2 0 1 0 1 0 0 2 0 2 0 
149 3546 0 126 0 1 2 2 2 0 1 0 1 0 0 2 0 0 1 
150 1502 0 442 0 1 2 2 2 0 1 0 1 0 0 0 2 0 1 
151 3499 0 126 0 1 2 2 2 0 1 0 1 0 0 0 0 2 1 
152 3486 0 110 0 1 2 2 2 0 1 0 0 0 0 2 0 2 1 
153 3502 0 110 0 1 2 2 2 0 1 0 0 0 0 0 2 2 1 
154 503 1 488 488 1 2 2 0 1 1 1 1 1 0 0 0 0 0 
155 1271 1 728 728 1 2 2 0 1 1 1 1 0 0 2 0 0 0 
156 1495 1 508 508 1 2 2 0 1 1 1 1 0 0 0 0 2 0 
157 1399 1 728 728 1 2 2 0 1 1 1 0 1 0 2 0 0 0 
158 1501 1 508 508 1 2 2 0 1 1 1 0 1 0 0 0 2 0 
159 1463 1 416 416 1 2 2 0 1 1 0 1 1 0 2 0 0 0 
160 510 0 432 0 1 2 2 0 1 1 0 1 1 0 0 2 0 0 
161 1526 1 416 416 1 2 2 0 1 1 0 1 1 0 0 0 2 0 
162 1719 1 256 256 1 2 2 0 1 1 0 1 0 1 2 0 0 0 
163 3501 0 200 0 1 2 2 0 1 1 0 1 0 0 2 0 2 0 
164 1895 0 244 0 1 2 2 0 1 1 0 1 0 0 2 0 0 1 
165 1773 0 88 0 1 2 2 0 1 1 0 1 0 1 0 0 2 0 
166 2006 0 88 0 1 2 2 0 1 1 0 1 0 0 0 0 2 1 
167 1405 0 268 0 1 2 2 0 1 1 0 0 1 1 2 0 0 0 
168 3293 0 216 0 1 2 2 0 1 1 0 0 1 0 2 0 2 0 
169 1469 1 232 232 1 2 2 0 1 1 0 0 1 0 2 0 0 1 
170 1518 0 168 0 1 2 2 0 1 1 0 0 1 0 0 2 2 0 
171 766 0 184 0 1 2 2 0 1 1 0 0 1 0 0 2 0 1 
172 1277 0 124 0 1 2 2 0 1 1 0 0 1 1 0 0 2 0 
173 2022 0 124 0 1 2 2 0 1 1 0 0 1 0 0 0 2 1 
174 3309 0 288 0 1 2 2 0 1 1 0 0 0 1 2 0 2 0 
175 3485 0 120 0 1 2 2 0 1 1 0 0 0 0 2 0 2 1 
176 1998 0 168 0 1 2 2 0 1 1 0 0 0 0 0 2 2 1 
177 1751 1 232 232 1 2 2 0 1 0 1 1 0 1 2 0 0 0 
178 3564 0 120 0 1 2 2 0 1 0 1 1 0 0 2 0 2 0 
179 1901 0 244 0 1 2 2 0 1 0 1 1 0 0 2 0 0 1 
180 1661 0 268 0 1 2 2 0 1 0 1 0 1 1 2 0 0 0 
181 1725 1 256 256 1 2 2 0 1 0 1 0 1 0 2 0 0 1 
182 3324 0 216 0 1 2 2 0 1 0 1 0 0 1 2 0 2 0 
183 3548 0 200 0 1 2 2 0 1 0 1 0 0 0 2 0 2 1 
184 1943 0 124 0 1 2 2 0 1 0 0 1 1 1 2 0 0 0 
185 2028 0 124 0 1 2 2 0 1 0 0 1 1 0 2 0 0 1 
186 1774 0 64 0 1 2 2 0 1 0 0 1 0 1 2 2 0 0 
187 3261 0 224 0 1 2 2 0 1 0 0 1 0 1 2 0 2 0 
188 1902 0 128 0 1 2 2 0 1 0 0 1 0 0 2 2 0 1 
189 3516 0 112 0 1 2 2 0 1 0 0 1 0 0 2 0 2 1 
190 3197 0 64 0 1 2 2 0 1 0 0 0 1 1 2 0 2 0 
191 1966 0 64 0 1 2 2 0 1 0 0 0 1 0 2 2 0 1 
192 1959 0 88 0 1 2 2 0 0 1 0 1 1 1 2 0 0 0 
193 1532 0 88 0 1 2 2 0 0 1 0 1 1 0 2 0 0 1 
194 3757 0 48 0 1 2 2 0 0 1 0 1 0 1 2 0 2 0 
195 511 1 5228 4188 1 2 2 2 1 1 1 1 1 0 0 0 0 0 
196 767 1 3616 3072 1 2 2 2 1 1 1 1 0 1 0 0 0 0 
197 1279 1 5264 3538 1 2 2 2 1 1 1 1 0 0 2 0 0 0 
198 1407 1 7640 4808 1 2 2 2 1 1 1 1 0 0 0 2 0 0 
199 1999 0 3202 0 1 2 2 2 1 1 1 1 0 0 0 0 2 0 
200 1663 1 7640 4808 1 2 2 2 1 1 1 0 1 0 0 2 0 0 
201 1503 1 5320 4236 1 2 2 2 1 1 1 0 1 0 0 0 2 0 
202 1951 1 5264 3538 1 2 2 2 1 1 1 0 0 1 0 2 0 0 
203 1519 0 3202 0 1 2 2 2 1 1 1 0 0 1 0 0 2 0 
204 3199 1 2010 726 1 2 2 2 1 1 1 0 0 0 2 2 0 0 
205 1471 1 4008 3082 1 2 2 2 1 1 0 1 1 0 2 0 0 0 
206 1903 0 4756 0 1 2 2 2 1 1 0 1 1 0 0 2 0 0 
207 1759 1 4008 3082 1 2 2 2 1 1 0 1 1 0 0 0 2 0 
208 1727 1 3534 2936 1 2 2 2 1 1 0 1 0 1 2 0 0 0 
209 1967 0 2700 0 1 2 2 2 1 1 0 1 0 1 0 2 0 0 
210 1775 0 2700 0 1 2 2 2 1 1 0 1 0 1 0 0 2 0 
211 3263 0 4562 0 1 2 2 2 1 1 0 1 0 0 2 2 0 0 
212 3774 0 1594 0 1 2 2 2 1 1 0 1 0 0 2 0 2 0 
213 3578 0 1978 0 1 2 2 2 1 1 0 1 0 0 2 0 0 1 
214 3550 0 2572 0 1 2 2 2 1 1 0 1 0 0 0 2 2 0 
215 1534 0 2862 0 1 2 2 2 1 1 0 1 0 0 0 2 0 1 
216 4022 0 730 0 1 2 2 2 1 1 0 1 0 0 0 0 2 1 
217 3295 0 3960 0 1 2 2 2 1 1 0 0 1 0 2 2 0 0 
218 3566 0 2032 0 1 2 2 2 1 1 0 0 1 0 0 2 2 0 
219 1790 0 1690 0 1 2 2 2 1 1 0 0 1 0 0 2 0 1 
220 3515 0 1978 0 1 2 2 2 1 1 0 0 1 0 0 0 2 1 
221 3311 0 3384 0 1 2 2 2 1 1 0 0 0 1 2 2 0 0 
222 3983 0 1384 0 1 2 2 2 1 1 0 0 0 1 0 2 2 0 
223 3563 0 1246 0 1 2 2 2 1 1 0 0 0 1 0 2 0 1 
224 3547 0 1246 0 1 2 2 2 1 1 0 0 0 1 0 0 2 1 
225 3326 0 3960 0 1 2 2 2 1 1 0 0 0 0 2 2 0 1 
226 3487 0 2032 0 1 2 2 2 1 1 0 0 0 0 2 0 2 1 
227 4046 0 862 0 1 2 2 2 1 1 0 0 0 0 0 2 2 1 
228 1982 0 1690 0 1 2 2 2 1 0 1 0 0 1 0 0 2 1 
229 3743 0 1594 0 1 2 2 2 1 0 1 0 0 0 2 0 2 1 
230 3503 0 2572 0 1 2 2 2 1 0 0 1 0 1 0 2 2 0 
231 4058 0 730 0 1 2 2 2 1 0 0 1 0 1 0 2 0 1 
232 2014 0 2862 0 1 2 2 2 1 0 0 1 0 1 0 0 2 1 
233 7327 0 1032 0 1 2 2 2 1 0 0 1 0 0 2 2 2 0 
234 3518 0 1442 0 1 2 2 2 1 0 0 1 0 0 2 2 0 1 
235 3806 0 692 0 1 2 2 2 1 0 0 1 0 0 0 2 2 1 
236 3998 0 862 0 1 2 2 2 1 0 0 0 0 1 0 2 2 1 
237 3759 0 698 0 1 2 2 2 0 1 0 1 0 1 2 2 0 0 
238 4007 0 1118 0 1 2 2 2 0 1 0 1 0 1 2 0 0 1 
239 7343 0 402 0 1 2 2 2 0 1 0 1 0 0 2 2 2 0 
240 4014 0 952 0 1 2 2 2 0 1 0 1 0 0 2 0 2 1 
241 1527 1 3792 3792 1 2 2 0 1 1 1 1 1 0 2 0 0 0 
242 1783 1 1216 1216 1 2 2 0 1 1 1 1 0 1 2 0 0 0 
243 3565 0 2060 0 1 2 2 0 1 1 1 1 0 0 2 0 2 0 
244 1911 0 2480 0 1 2 2 0 1 1 1 1 0 0 2 0 0 1 
245 2029 0 1220 0 1 2 2 0 1 1 1 1 0 1 0 0 2 0 
246 2007 0 1220 0 1 2 2 0 1 1 1 1 0 0 0 0 2 1 
247 3549 0 2060 0 1 2 2 0 1 1 1 0 1 0 2 0 2 0 
248 1981 1 1216 1216 1 2 2 0 1 1 1 0 1 0 2 0 0 1 
249 1533 0 1220 0 1 2 2 0 1 1 1 0 1 1 0 0 2 0 
250 2023 0 1220 0 1 2 2 0 1 1 1 0 1 0 0 0 2 1 
251 1975 0 1152 0 1 2 2 0 1 1 0 1 1 1 2 0 0 0 
252 3805 0 1664 0 1 2 2 0 1 1 0 1 1 0 2 0 2 0 
253 2044 0 1104 0 1 2 2 0 1 1 0 1 1 0 2 0 0 1 
254 1022 0 616 0 1 2 2 0 1 1 0 1 1 0 0 2 0 1 
255 1789 0 1152 0 1 2 2 0 1 1 0 1 1 1 0 0 2 0 
256 2038 0 1104 0 1 2 2 0 1 1 0 1 1 0 0 0 2 1 
257 3773 0 1648 0 1 2 2 0 1 1 0 1 0 1 2 0 2 0 
258 3517 0 1560 0 1 2 2 0 1 1 0 1 0 0 2 0 2 1 
259 4021 0 176 0 1 2 2 0 1 1 0 1 0 1 0 0 2 1 
260 3325 0 1792 0 1 2 2 0 1 1 0 0 1 1 2 0 2 0 
261 4043 0 356 0 1 2 2 0 1 1 0 0 1 1 0 2 2 0 
262 2030 0 1024 0 1 2 2 0 1 1 0 0 1 0 0 2 2 1 
263 3577 0 496 0 1 2 2 0 1 1 0 0 1 1 0 0 2 1 
264 3991 0 356 0 1 2 2 0 1 1 0 0 0 1 0 2 2 1 
265 3580 0 1560 0 1 2 2 0 1 0 1 1 0 1 2 0 2 0 
266 4073 0 176 0 1 2 2 0 0 1 0 1 1 1 2 0 0 1 
267 1023 1 9460 7260 1 2 2 2 1 1 1 1 1 1 0 0 0 0 
268 1535 1 38536 23644 1 2 2 2 1 1 1 1 1 0 2 0 0 0 
269 1919 1 27744 13804 1 2 2 2 1 1 1 1 1 0 0 2 0 0 
270 2015 1 38536 23644 1 2 2 2 1 1 1 1 1 0 0 0 2 0 
271 1791 1 30820 18652 1 2 2 2 1 1 1 1 0 1 2 0 0 0 
272 1983 1 30820 18652 1 2 2 2 1 1 1 1 0 1 0 2 0 0 
273 2031 0 23640 0 1 2 2 2 1 1 1 1 0 1 0 0 2 0 
274 3327 1 45476 17418 1 2 2 2 1 1 1 1 0 0 2 2 0 0 
275 4047 0 16754 0 1 2 2 2 1 1 1 1 0 0 2 0 2 0 
276 3579 0 19952 0 1 2 2 2 1 1 1 1 0 0 2 0 0 1 
277 3551 0 31416 0 1 2 2 2 1 1 1 1 0 0 0 2 2 0 
278 4055 0 8444 0 1 2 2 2 1 1 1 1 0 0 0 0 2 1 
279 3567 0 31416 0 1 2 2 2 1 1 1 0 1 0 0 2 2 0 
280 4027 0 16368 0 1 2 2 2 1 1 1 0 1 0 0 0 2 1 
281 3999 0 16754 0 1 2 2 2 1 1 1 0 0 1 0 2 2 0 
282 4059 0 8444 0 1 2 2 2 1 1 1 0 0 1 0 0 2 1 
283 3519 0 29732 0 1 2 2 2 1 1 0 1 1 0 2 2 0 0 
284 3807 0 24860 0 1 2 2 2 1 1 0 1 1 0 2 0 2 0 
285 4090 0 7820 0 1 2 2 2 1 1 0 1 1 0 2 0 0 1 
286 3582 0 29732 0 1 2 2 2 1 1 0 1 1 0 0 2 2 0 
287 2046 0 17708 0 1 2 2 2 1 1 0 1 1 0 0 2 0 1 
288 4086 0 7820 0 1 2 2 2 1 1 0 1 1 0 0 0 2 1 
289 3775 0 22414 0 1 2 2 2 1 1 0 1 0 1 2 2 0 0 
290 4015 0 16344 0 1 2 2 2 1 1 0 1 0 1 0 2 2 0 
291 4075 0 10340 0 1 2 2 2 1 1 0 1 0 1 0 2 0 1 
292 4023 0 10340 0 1 2 2 2 1 1 0 1 0 1 0 0 2 1 
293 7359 0 15280 0 1 2 2 2 1 1 0 1 0 0 2 2 2 0 
294 4030 0 13864 0 1 2 2 2 1 1 0 1 0 0 2 0 2 1 
295 4062 0 16408 0 1 2 2 2 1 1 0 1 0 0 0 2 2 1 
296 7391 0 7886 0 1 2 2 2 1 1 0 0 1 0 2 2 2 0 
297 4078 0 13864 0 1 2 2 2 1 1 0 0 1 0 0 2 2 1 
298 7407 0 5170 0 1 2 2 2 1 1 0 0 0 1 2 2 2 0 
299 7421 0 9056 0 1 2 2 2 1 1 0 0 0 1 0 2 2 1 
300 7422 0 7886 0 1 2 2 2 1 1 0 0 0 0 2 2 2 1 
301 7614 0 3166 0 1 2 2 2 1 0 0 1 0 0 2 2 2 1 
302 7855 0 1100 0 1 2 2 2 0 1 0 1 0 1 2 2 2 0 
303 2039 0 12184 0 1 2 2 0 1 1 1 1 1 1 2 0 0 0 
304 4061 0 9576 0 1 2 2 0 1 1 1 1 1 0 2 0 2 0 
305 2045 0 12184 0 1 2 2 0 1 1 1 1 1 0 2 0 0 1 
306 4077 0 7880 0 1 2 2 0 1 1 1 1 0 1 2 0 2 0 
307 3581 0 14448 0 1 2 2 0 1 1 1 1 0 0 2 0 2 1 
308 4085 0 5368 0 1 2 2 0 1 1 1 1 0 1 0 0 2 1 
309 4029 0 7880 0 1 2 2 0 1 1 1 0 1 0 2 0 2 1 
310 4089 0 5368 0 1 2 2 0 1 1 1 0 1 1 0 0 2 1 
311 3837 0 7408 0 1 2 2 0 1 1 0 1 1 1 2 0 2 0 
312 4092 0 6992 0 1 2 2 0 1 1 0 1 1 0 2 0 2 1 
313 7673 0 2232 0 1 2 2 0 1 1 0 0 1 1 0 2 2 1 
314 2047 1 241632 105656 1 2 2 2 1 1 1 1 1 1 2 0 0 0 
315 3583 1 306988 78510 1 2 2 2 1 1 1 1 1 0 2 2 0 0 
316 4063 0 241144 0 1 2 2 2 1 1 1 1 1 0 2 0 2 0 
317 4091 0 149832 0 1 2 2 2 1 1 1 1 1 0 2 0 0 1 
318 4087 0 149832 0 1 2 2 2 1 1 1 1 1 0 0 0 2 1 
319 3839 1 161798 54722 1 2 2 2 1 1 1 1 0 1 2 2 0 0 
320 4079 0 219572 0 1 2 2 2 1 1 1 1 0 1 2 0 2 0 
321 4031 0 219572 0 1 2 2 2 1 1 1 1 0 1 0 2 2 0 
322 8179 0 91884 0 1 2 2 2 1 1 1 1 0 1 0 0 2 1 
323 7423 0 187094 0 1 2 2 2 1 1 1 1 0 0 2 2 2 0 
324 7675 0 123812 0 1 2 2 2 1 1 1 1 0 0 2 0 2 1 
325 7615 0 162678 0 1 2 2 2 1 1 0 1 1 0 2 2 2 0 
326 4094 0 168800 0 1 2 2 2 1 1 0 1 1 0 2 2 0 1 
327 7871 0 60308 0 1 2 2 2 1 1 0 1 0 1 2 2 2 0 
328 7933 0 69896 0 1 2 2 2 1 1 0 1 0 1 0 2 2 1 
329 4093 0 89288 0 1 2 2 0 1 1 1 1 1 1 2 0 2 0 
330 10231 0 35104 0 1 2 2 0 1 1 1 1 1 1 2 0 0 1 
331 4095 1 1948458 238888 1 2 2 2 1 1 1 1 1 1 2 2 0 0 
332 10239 0 668284 0 1 2 2 2 1 1 1 1 1 1 2 0 0 1 
333 7679 0 1021716 0 1 2 2 2 1 1 1 1 1 0 2 2 2 0 
334 8183 0 1523632 0 1 2 2 2 1 1 1 1 1 0 2 0 2 1 
335 7935 0 1080918 0 1 2 2 2 1 1 1 1 0 1 2 2 2 0 
336 8190 0 331478 0 1 2 2 2 1 1 0 1 1 0 2 2 2 1 
337 12285 0 124392 0 1 2 2 0 1 1 1 1 1 1 2 0 2 1 
338 8191 1 5906202 238888 1 2 2 2 1 1 1 1 1 1 2 2 2 0 
339 12287 1 4264766 238888 1 2 2 2 1 1 1 1 1 1 2 2 0 1 
340 16383 1 10170968 477776 1 2 2 2 1 1 1 1 1 1 2 2 2 1 
edges 1636 
0 1 1 
0 2 1 
1 3 1 
2 3 1 
3 4 1 
3 5 1 
3 6 1 
4 7 1 
4 8 1 
4 9 1 
4 10 1 
4 11 1 
4 12 1 
5 8 1 
5 10 1 
5 13 1 
5 12 1 
6 9 1 
6 11 1 
6 13 1 
7 14 1 
7 15 1 
8 14 1 
8 16 1 
8 17 1 
8 18 1 
8 19 1 
8 20 1 
9 15 1 
9 16 1 
9 21 1 
9 22 1 
9 23 1 
9 24 1 
9 25 0 
10 14 1 
10 17 1 
10 21 1 
11 15 1 
11 18 1 
11 22 1 
11 17 1 
11 26 1 
11 25 0 
11 27 1 
12 14 1 
12 19 1 
12 23 1 
12 21 1 
12 26 1 
12 20 1 
13 16 1 
13 17 1 
13 28 1 
13 21 1 
13 26 1 
14 29 1 
14 30 1 
14 31 1 
14 32 1 
14 33 1 
15 29 1 
15 32 1 
15 34 1 
15 31 1 
15 35 0 
15 36 0 
16 29 1 
16 37 1 
16 38 1 
16 39 1 
16 40 1 
16 41 0 
17 30 1 
17 37 1 
17 42 1 
17 43 1 
17 44 1 
17 29 1 
18 31 1 
18 38 1 
18 42 1 
18 45 1 
18 46 1 
18 47 0 
18 48 1 
19 30 1 
19 39 1 
19 43 1 
19 45 1 
19 49 1 
19 50 1 
20 33 1 
20 40 1 
20 44 1 
20 46 1 
20 49 1 
20 50 1 
20 51 1 
21 32 1 
21 37 1 
21 43 1 
21 52 1 
21 40 1 
21 30 1 
22 34 1 
22 38 1 
22 43 1 
22 53 1 
22 54 1 
22 55 0 
22 56 1 
23 31 1 
23 39 1 
23 52 1 
23 53 1 
23 57 1 
23 58 0 
23 51 1 
24 35 0 
24 40 1 
24 54 1 
24 57 1 
25 36 0 
25 41 0 
25 30 0 
25 55 0 
25 58 0 
25 35 0 
25 47 0 
26 32 1 
26 45 1 
26 53 1 
26 37 1 
26 41 0 
26 44 1 
27 36 0 
27 48 1 
27 56 1 
27 44 1 
28 37 1 
29 59 1 
29 60 1 
29 61 1 
29 62 1 
29 63 1 
29 64 0 
30 59 1 
30 61 1 
30 65 1 
30 66 1 
30 67 1 
30 63 1 
31 60 1 
31 61 1 
31 66 1 
31 68 1 
31 69 1 
31 70 0 
31 71 0 
32 62 1 
32 66 1 
32 68 1 
32 59 1 
32 67 1 
32 72 0 
33 63 1 
33 67 1 
33 69 1 
34 60 1 
34 62 1 
34 68 1 
34 73 1 
34 74 0 
34 75 0 
34 76 0 
35 63 0 
35 72 0 
35 74 0 
35 70 0 
35 75 0 
35 77 0 
35 78 0 
36 64 0 
36 67 0 
36 75 0 
36 71 0 
36 76 0 
36 77 0 
36 79 0 
37 59 1 
37 80 1 
37 81 1 
37 82 1 
38 60 1 
38 80 1 
38 83 1 
38 84 1 
38 85 0 
38 86 1 
39 61 1 
39 81 1 
39 83 1 
39 87 1 
39 88 0 
39 89 1 
40 63 1 
40 82 1 
40 84 1 
40 87 1 
40 90 1 
40 72 0 
40 91 1 
41 64 0 
41 59 0 
41 85 0 
41 88 0 
41 72 0 
41 92 0 
42 61 1 
42 80 1 
42 93 1 
43 65 1 
43 81 1 
43 80 1 
43 94 1 
43 62 1 
43 90 1 
44 67 1 
44 82 1 
44 93 1 
44 94 1 
44 95 1 
44 64 0 
44 96 1 
45 66 1 
45 83 1 
45 80 1 
45 97 1 
45 92 0 
45 95 1 
46 69 1 
46 84 1 
46 93 1 
46 97 1 
46 98 1 
46 99 0 
46 100 0 
46 101 0 
47 70 0 
47 85 0 
47 61 0 
47 92 0 
47 99 0 
47 79 0 
47 102 0 
48 71 0 
48 86 1 
48 93 1 
48 95 1 
48 103 0 
48 100 0 
48 79 0 
48 104 1 
49 63 1 
49 87 1 
49 94 1 
49 97 1 
49 105 0 
49 106 0 
49 107 1 
50 67 1 
50 89 1 
50 90 1 
50 95 1 
50 105 0 
50 106 0 
50 98 1 
51 69 1 
51 91 1 
51 96 1 
51 101 0 
51 107 1 
51 89 1 
51 108 0 
51 109 0 
52 66 1 
52 81 1 
52 91 1 
53 68 1 
53 83 1 
53 81 1 
53 110 1 
53 85 0 
53 96 1 
54 74 0 
54 84 1 
54 90 1 
54 110 1 
54 111 1 
54 75 0 
54 112 0 
54 113 0 
55 75 0 
55 85 0 
55 65 0 
56 76 0 
56 86 1 
56 94 1 
56 96 1 
56 114 1 
56 112 0 
56 75 0 
56 103 0 
57 70 0 
57 87 1 
57 91 1 
57 110 1 
57 113 0 
57 78 0 
57 109 0 
57 115 1 
58 71 0 
58 88 0 
58 66 0 
58 85 0 
58 78 0 
58 108 0 
58 102 0 
59 116 1 
59 117 1 
59 118 1 
59 119 1 
60 116 1 
60 120 1 
60 121 1 
60 122 1 
60 123 0 
60 124 0 
61 117 1 
61 120 1 
61 116 1 
61 125 1 
61 126 0 
61 127 1 
62 118 1 
62 121 1 
62 116 1 
62 128 1 
62 129 0 
62 130 0 
63 119 1 
63 122 1 
63 125 1 
63 128 1 
63 131 0 
63 132 1 
64 119 0 
64 123 0 
64 126 0 
64 129 0 
64 131 0 
64 133 0 
65 117 1 
65 128 1 
66 118 1 
66 120 1 
66 117 1 
66 134 1 
66 132 1 
66 135 0 
67 119 1 
67 127 1 
67 128 1 
67 134 1 
67 131 0 
67 136 1 
68 121 1 
68 120 1 
68 118 1 
68 136 1 
68 137 0 
68 138 0 
69 122 1 
69 127 1 
69 132 1 
69 136 1 
69 139 0 
69 140 0 
69 141 0 
70 123 0 
70 125 0 
70 135 0 
70 137 0 
70 139 0 
70 142 0 
70 143 0 
71 124 0 
71 126 0 
71 134 0 
71 138 0 
71 140 0 
71 142 0 
71 144 0 
72 130 0 
72 135 0 
72 138 0 
72 119 0 
72 131 0 
72 145 0 
73 121 1 
73 146 0 
74 122 0 
74 130 0 
74 137 0 
74 146 0 
74 147 0 
74 148 0 
74 149 0 
75 123 0 
75 128 0 
75 138 0 
75 146 0 
75 147 0 
75 150 0 
76 124 0 
76 129 0 
76 136 0 
76 146 0 
76 148 0 
76 147 0 
76 151 0 
77 131 0 
77 147 0 
77 142 0 
78 132 0 
78 145 0 
78 149 0 
78 143 0 
78 150 0 
78 142 0 
78 152 0 
79 133 0 
79 127 0 
79 150 0 
79 144 0 
79 151 0 
79 142 0 
79 153 0 
80 116 1 
80 154 1 
80 155 1 
80 117 1 
80 156 1 
81 117 1 
81 154 1 
81 157 1 
81 118 1 
81 158 1 
82 119 1 
82 155 1 
82 157 1 
83 120 1 
83 154 1 
83 159 1 
83 160 0 
83 161 1 
84 122 1 
84 155 1 
84 159 1 
84 162 1 
84 138 0 
84 163 0 
84 164 0 
85 123 0 
85 117 0 
85 160 0 
85 138 0 
85 150 0 
86 124 0 
86 156 1 
86 161 1 
86 165 0 
86 163 0 
86 150 0 
86 166 0 
87 125 1 
87 157 1 
87 159 1 
87 167 0 
87 145 0 
87 168 0 
87 169 1 
88 126 0 
88 118 0 
88 160 0 
88 145 0 
88 170 0 
88 171 0 
89 127 1 
89 158 1 
89 161 1 
89 172 0 
89 168 0 
89 170 0 
89 173 0 
90 128 1 
90 155 1 
90 162 1 
90 167 0 
90 130 0 
90 174 0 
90 158 1 
91 132 1 
91 157 1 
91 164 0 
91 169 1 
91 158 1 
91 135 0 
91 175 0 
92 133 0 
92 116 0 
92 160 0 
92 171 0 
92 135 0 
92 176 0 
93 127 1 
93 155 1 
93 156 1 
93 177 1 
93 126 0 
93 178 0 
93 179 0 
94 128 1 
94 157 1 
94 156 1 
94 180 0 
94 129 0 
94 174 0 
94 181 1 
95 134 1 
95 155 1 
95 177 1 
95 180 0 
95 133 0 
95 182 0 
95 161 1 
96 136 1 
96 157 1 
96 179 0 
96 181 1 
96 161 1 
96 123 0 
96 183 0 
97 132 1 
97 159 1 
97 156 1 
97 184 0 
97 176 0 
97 182 0 
97 185 0 
98 136 1 
98 162 1 
98 177 1 
98 184 0 
98 186 0 
98 187 0 
98 173 0 
99 139 0 
99 138 0 
99 126 0 
99 176 0 
99 186 0 
99 153 0 
99 188 0 
100 140 0 
100 163 0 
100 178 0 
100 182 0 
100 187 0 
100 153 0 
100 189 0 
101 141 0 
101 164 0 
101 179 0 
101 185 0 
101 173 0 
101 188 0 
101 189 0 
102 143 0 
102 160 0 
102 120 0 
102 171 0 
102 188 0 
102 144 0 
103 138 0 
103 165 0 
103 179 0 
103 180 0 
103 187 0 
103 151 0 
103 166 0 
104 144 0 
104 166 0 
104 177 1 
104 189 0 
105 119 0 
105 167 0 
105 180 0 
105 184 0 
105 190 0 
105 172 0 
106 131 0 
106 168 0 
106 174 0 
106 182 0 
106 190 0 
106 187 0 
107 122 1 
107 169 1 
107 181 1 
107 185 0 
107 172 0 
107 191 0 
107 187 0 
108 140 0 
108 135 0 
108 123 0 
108 188 0 
108 191 0 
108 170 0 
108 152 0 
109 139 0 
109 175 0 
109 183 0 
109 189 0 
109 187 0 
109 168 0 
109 152 0 
110 137 0 
110 159 1 
110 158 1 
110 192 0 
110 150 0 
110 183 0 
110 193 0 
111 146 0 
111 162 1 
111 192 0 
111 194 0 
112 148 0 
112 163 0 
112 174 0 
112 183 0 
112 194 0 
112 147 0 
112 187 0 
113 149 0 
113 164 0 
113 167 0 
113 193 0 
113 192 0 
113 123 0 
113 187 0 
114 146 0 
114 165 0 
114 181 1 
114 194 0 
115 143 0 
115 169 1 
115 193 0 
115 189 0 
116 195 1 
116 196 1 
116 197 1 
116 198 1 
116 199 0 
117 195 1 
117 198 1 
117 200 1 
117 201 1 
118 196 1 
118 195 1 
118 200 1 
118 202 1 
118 203 0 
119 197 1 
119 198 1 
119 200 1 
119 204 1 
119 202 1 
120 195 1 
120 196 1 
120 205 1 
120 206 0 
120 207 1 
121 196 1 
121 208 1 
121 209 0 
121 210 0 
122 197 1 
122 205 1 
122 208 1 
122 211 0 
122 212 0 
122 213 0 
123 198 0 
123 206 0 
123 209 0 
123 211 0 
123 214 0 
123 215 0 
124 199 0 
124 207 0 
124 210 0 
124 212 0 
124 214 0 
124 216 0 
125 198 1 
125 205 1 
125 217 0 
126 200 0 
126 206 0 
126 199 0 
126 217 0 
126 218 0 
126 219 0 
127 201 1 
127 207 1 
127 197 1 
127 217 0 
127 218 0 
127 220 0 
128 200 1 
128 208 1 
128 198 1 
128 221 0 
128 201 1 
129 202 0 
129 209 0 
129 199 0 
129 221 0 
129 222 0 
129 223 0 
130 203 0 
130 210 0 
130 197 0 
130 221 0 
130 222 0 
130 224 0 
131 204 0 
131 211 0 
131 217 0 
131 221 0 
131 225 0 
132 202 1 
132 213 0 
132 205 1 
132 201 1 
132 225 0 
132 226 0 
133 197 0 
133 215 0 
133 219 0 
133 223 0 
133 225 0 
133 227 0 
134 200 1 
134 207 1 
134 225 0 
135 203 0 
135 206 0 
135 198 0 
135 225 0 
135 226 0 
135 228 0 
136 202 1 
136 220 0 
136 208 1 
136 207 1 
136 211 0 
136 229 0 
137 209 0 
137 205 0 
137 203 0 
137 229 0 
137 230 0 
137 231 0 
138 210 0 
138 206 0 
138 200 0 
138 211 0 
138 230 0 
138 232 0 
139 211 0 
139 217 0 
139 226 0 
139 229 0 
139 233 0 
139 234 0 
140 212 0 
140 218 0 
140 225 0 
140 211 0 
140 233 0 
140 234 0 
141 213 0 
141 220 0 
141 234 0 
142 214 0 
142 217 0 
142 225 0 
142 230 0 
142 233 0 
142 235 0 
143 215 0 
143 205 0 
143 228 0 
143 231 0 
143 234 0 
143 235 0 
144 216 0 
144 219 0 
144 207 0 
144 232 0 
144 234 0 
144 235 0 
145 224 0 
145 228 0 
145 232 0 
145 202 0 
145 217 0 
145 236 0 
146 208 0 
146 210 0 
146 209 0 
146 237 0 
146 238 0 
147 211 0 
147 221 0 
147 230 0 
147 237 0 
147 239 0 
147 214 0 
148 212 0 
148 222 0 
148 229 0 
148 237 0 
148 239 0 
148 240 0 
149 213 0 
149 224 0 
149 231 0 
149 238 0 
149 214 0 
149 240 0 
150 215 0 
150 201 0 
150 232 0 
150 238 0 
150 214 0 
150 230 0 
151 216 0 
151 223 0 
151 220 0 
151 238 0 
151 240 0 
151 230 0 
152 226 0 
152 236 0 
152 240 0 
152 234 0 
152 214 0 
152 233 0 
153 227 0 
153 218 0 
153 230 0 
153 234 0 
153 240 0 
153 233 0 
154 195 1 
154 241 1 
155 197 1 
155 241 1 
155 242 1 
155 200 1 
155 243 0 
155 244 0 
156 199 0 
156 241 1 
156 245 0 
156 243 0 
156 201 1 
156 246 0 
157 198 1 
157 241 1 
157 244 0 
157 202 1 
157 247 0 
157 248 1 
158 201 1 
158 241 1 
158 249 0 
158 247 0 
158 203 0 
158 250 0 
159 205 1 
159 241 1 
159 251 0 
159 232 0 
159 252 0 
159 253 0 
160 206 0 
160 195 0 
160 232 0 
160 215 0 
160 254 0 
161 207 1 
161 241 1 
161 255 0 
161 252 0 
161 215 0 
161 256 0 
162 208 1 
162 242 1 
162 251 0 
162 210 0 
162 257 0 
162 250 0 
163 212 0 
163 243 0 
163 252 0 
163 257 0 
163 230 0 
163 258 0 
164 213 0 
164 244 0 
164 253 0 
164 250 0 
164 206 0 
164 258 0 
165 210 0 
165 245 0 
165 255 0 
165 257 0 
165 238 0 
165 259 0 
166 216 0 
166 246 0 
166 256 0 
166 259 0 
166 258 0 
166 232 0 
167 198 0 
167 244 0 
167 251 0 
167 224 0 
167 260 0 
167 249 0 
168 217 0 
168 247 0 
168 252 0 
168 260 0 
168 236 0 
168 258 0 
169 205 1 
169 248 1 
169 253 0 
169 249 0 
169 228 0 
169 258 0 
170 218 0 
170 203 0 
170 215 0 
170 261 0 
170 236 0 
170 262 0 
171 219 0 
171 196 0 
171 254 0 
171 228 0 
171 262 0 
172 197 0 
172 249 0 
172 255 0 
172 260 0 
172 261 0 
172 263 0 
173 220 0 
173 250 0 
173 256 0 
173 263 0 
173 258 0 
173 262 0 
174 221 0 
174 243 0 
174 257 0 
174 260 0 
174 222 0 
174 247 0 
175 226 0 
175 247 0 
175 258 0 
176 227 0 
176 199 0 
176 232 0 
176 262 0 
176 264 0 
176 226 0 
177 207 1 
177 242 1 
177 246 0 
177 219 0 
177 265 0 
177 256 0 
178 218 0 
178 243 0 
178 265 0 
179 220 0 
179 244 0 
179 245 0 
179 256 0 
179 206 0 
179 265 0 
180 200 0 
180 244 0 
180 246 0 
180 223 0 
180 260 0 
180 255 0 
181 208 1 
181 248 1 
181 245 0 
181 255 0 
181 209 0 
181 257 0 
182 225 0 
182 243 0 
182 265 0 
182 260 0 
182 227 0 
182 252 0 
183 229 0 
183 247 0 
183 265 0 
183 257 0 
183 252 0 
183 214 0 
184 202 0 
184 251 0 
184 246 0 
184 264 0 
184 260 0 
184 263 0 
185 213 0 
185 253 0 
185 245 0 
185 263 0 
185 262 0 
185 265 0 
186 229 0 
186 210 0 
186 219 0 
186 264 0 
186 240 0 
186 262 0 
187 211 0 
187 257 0 
187 265 0 
187 260 0 
187 240 0 
187 258 0 
188 234 0 
188 206 0 
188 262 0 
189 234 0 
189 258 0 
189 265 0 
190 204 0 
190 260 0 
191 212 0 
191 228 0 
191 209 0 
191 262 0 
191 261 0 
191 240 0 
192 209 0 
192 251 0 
192 250 0 
192 238 0 
192 257 0 
192 266 0 
193 231 0 
193 253 0 
193 249 0 
193 266 0 
193 215 0 
193 265 0 
194 237 0 
194 257 0 
195 267 1 
195 268 1 
195 269 1 
195 270 1 
196 267 1 
196 271 1 
196 272 1 
196 273 0 
197 268 1 
197 271 1 
197 274 1 
197 275 0 
197 276 0 
198 269 1 
198 272 1 
198 274 1 
198 277 0 
198 268 1 
199 270 0 
199 273 0 
199 275 0 
199 277 0 
199 278 0 
200 269 1 
200 270 1 
200 274 1 
200 279 0 
200 271 1 
201 270 1 
201 268 1 
201 277 0 
201 279 0 
201 280 0 
202 272 1 
202 270 1 
202 274 1 
202 281 0 
202 276 0 
203 273 0 
203 268 0 
203 279 0 
203 281 0 
203 282 0 
204 274 1 
205 268 1 
205 272 1 
205 283 0 
205 284 0 
205 285 0 
206 269 0 
206 273 0 
206 283 0 
206 286 0 
206 287 0 
207 270 1 
207 271 1 
207 284 0 
207 286 0 
207 288 0 
208 271 1 
208 272 1 
208 289 0 
208 280 0 
209 272 0 
209 273 0 
209 289 0 
209 290 0 
209 291 0 
210 273 0 
210 271 0 
210 289 0 
210 290 0 
210 292 0 
211 274 0 
211 283 0 
211 289 0 
211 293 0 
211 286 0 
212 275 0 
212 284 0 
212 289 0 
212 293 0 
212 294 0 
213 276 0 
213 285 0 
213 280 0 
213 286 0 
213 294 0 
214 277 0 
214 286 0 
214 290 0 
214 293 0 
214 295 0 
215 268 0 
215 287 0 
215 291 0 
215 286 0 
215 295 0 
216 278 0 
216 288 0 
216 292 0 
216 294 0 
216 295 0 
217 274 0 
217 283 0 
217 277 0 
217 296 0 
217 284 0 
218 279 0 
218 286 0 
218 275 0 
218 296 0 
218 297 0 
219 271 0 
219 287 0 
219 278 0 
219 284 0 
219 297 0 
220 280 0 
220 288 0 
220 276 0 
220 283 0 
220 297 0 
221 274 0 
221 289 0 
221 277 0 
221 298 0 
221 279 0 
222 281 0 
222 290 0 
222 275 0 
222 298 0 
222 299 0 
223 276 0 
223 291 0 
223 278 0 
223 279 0 
223 299 0 
224 282 0 
224 292 0 
224 276 0 
224 277 0 
224 299 0 
225 274 0 
225 286 0 
225 284 0 
225 279 0 
225 300 0 
226 281 0 
226 294 0 
226 283 0 
226 277 0 
226 300 0 
227 275 0 
227 295 0 
227 297 0 
227 299 0 
227 300 0 
228 282 0 
228 287 0 
228 272 0 
228 284 0 
228 294 0 
229 281 0 
229 297 0 
229 289 0 
229 284 0 
229 293 0 
230 290 0 
230 283 0 
230 279 0 
230 293 0 
230 295 0 
231 291 0 
231 285 0 
231 282 0 
231 297 0 
231 295 0 
232 292 0 
232 287 0 
232 270 0 
232 283 0 
232 295 0 
233 293 0 
233 296 0 
233 300 0 
233 301 0 
234 286 0 
234 283 0 
234 294 0 
234 297 0 
234 301 0 
235 295 0 
235 284 0 
235 301 0 
236 299 0 
236 294 0 
236 295 0 
236 281 0 
236 296 0 
237 289 0 
237 290 0 
237 302 0 
238 280 0 
238 292 0 
238 291 0 
238 290 0 
239 293 0 
239 298 0 
239 302 0 
240 294 0 
240 299 0 
240 297 0 
240 290 0 
240 293 0 
241 268 1 
241 303 0 
241 270 1 
241 304 0 
241 305 0 
242 271 1 
242 303 0 
242 306 0 
243 275 0 
243 304 0 
243 306 0 
243 279 0 
243 307 0 
244 276 0 
244 305 0 
244 303 0 
244 269 0 
244 307 0 
245 273 0 
245 305 0 
245 306 0 
245 280 0 
245 308 0 
246 278 0 
246 303 0 
246 308 0 
246 307 0 
246 270 0 
247 277 0 
247 304 0 
247 307 0 
247 281 0 
247 309 0 
248 272 1 
248 305 0 
248 309 0 
249 268 0 
249 305 0 
249 307 0 
249 282 0 
249 310 0 
250 280 0 
250 303 0 
250 310 0 
250 309 0 
250 273 0 
251 272 0 
251 303 0 
251 292 0 
251 311 0 
251 310 0 
252 284 0 
252 304 0 
252 311 0 
252 295 0 
252 312 0 
253 285 0 
253 305 0 
253 310 0 
253 287 0 
253 312 0 
254 287 0 
254 267 0 
255 271 0 
255 305 0 
255 311 0 
255 291 0 
255 308 0 
256 288 0 
256 303 0 
256 308 0 
256 312 0 
256 287 0 
257 289 0 
257 306 0 
257 311 0 
257 290 0 
257 309 0 
258 294 0 
258 307 0 
258 312 0 
258 309 0 
258 283 0 
259 292 0 
259 308 0 
259 309 0 
260 274 0 
260 307 0 
260 311 0 
260 299 0 
261 275 0 
261 282 0 
261 291 0 
261 299 0 
261 313 0 
262 297 0 
262 273 0 
262 287 0 
262 313 0 
262 294 0 
263 276 0 
263 310 0 
263 308 0 
263 307 0 
263 313 0 
264 299 0 
264 278 0 
264 292 0 
264 313 0 
264 281 0 
265 286 0 
265 306 0 
265 307 0 
265 297 0 
265 312 0 
266 291 0 
266 310 0 
266 306 0 
267 314 1 
268 314 1 
268 315 1 
268 316 0 
268 317 0 
269 314 1 
269 315 1 
270 314 1 
270 316 0 
270 315 1 
270 318 0 
271 314 1 
271 319 1 
271 320 0 
271 318 0 
272 314 1 
272 319 1 
272 321 0 
272 317 0 
273 314 0 
273 320 0 
273 321 0 
273 322 0 
274 315 1 
274 319 1 
274 323 0 
275 316 0 
275 320 0 
275 323 0 
275 324 0 
276 317 0 
276 318 0 
276 315 0 
276 324 0 
277 315 0 
277 321 0 
277 323 0 
277 316 0 
278 318 0 
278 322 0 
278 324 0 
278 316 0 
279 315 0 
279 316 0 
279 323 0 
279 320 0 
280 318 0 
280 317 0 
280 321 0 
280 320 0 
281 321 0 
281 316 0 
281 323 0 
281 324 0 
282 322 0 
282 317 0 
282 316 0 
282 324 0 
283 315 0 
283 321 0 
283 325 0 
283 326 0 
284 316 0 
284 319 0 
284 325 0 
284 326 0 
285 317 0 
285 326 0 
286 315 0 
286 320 0 
286 325 0 
286 326 0 
287 314 0 
287 322 0 
287 326 0 
288 318 0 
288 326 0 
289 319 0 
289 321 0 
289 327 0 
289 320 0 
290 321 0 
290 320 0 
290 327 0 
290 328 0 
291 317 0 
291 322 0 
291 320 0 
291 328 0 
292 322 0 
292 318 0 
292 321 0 
292 328 0 
293 323 0 
293 325 0 
293 327 0 
294 324 0 
294 326 0 
294 321 0 
294 325 0 
295 316 0 
295 326 0 
295 328 0 
295 325 0 
296 323 0 
296 325 0 
297 320 0 
297 326 0 
297 324 0 
297 325 0 
298 323 0 
298 327 0 
299 324 0 
299 328 0 
299 323 0 
300 323 0 
300 325 0 
301 325 0 
302 327 0 
303 314 0 
303 318 0 
303 329 0 
303 330 0 
304 316 0 
304 329 0 
305 317 0 
305 330 0 
305 314 0 
305 329 0 
306 320 0 
306 329 0 
307 324 0 
307 329 0 
307 315 0 
308 322 0 
308 330 0 
308 329 0 
308 318 0 
309 321 0 
309 329 0 
310 317 0 
310 330 0 
310 329 0 
310 322 0 
311 319 0 
311 329 0 
311 328 0 
312 326 0 
312 329 0 
313 324 0 
313 322 0 
314 331 1 
314 332 0 
315 331 1 
315 333 0 
316 331 0 
316 333 0 
316 334 0 
317 332 0 
317 331 0 
317 334 0 
318 332 0 
318 334 0 
318 331 0 
319 331 1 
319 335 0 
320 331 0 
320 335 0 
320 334 0 
321 331 0 
321 335 0 
321 334 0 
322 332 0 
322 334 0 
323 333 0 
323 335 0 
324 334 0 
324 333 0 
325 333 0 
325 335 0 
325 336 0 
326 331 0 
326 334 0 
326 336 0 
327 335 0 
328 334 0 
328 335 0 
329 331 0 
329 334 0 
329 337 0 
330 332 0 
330 337 0 
331 338 1 
331 339 1 
332 339 0 
333 338 0 
334 339 0 
334 338 0 
335 338 0 
336 338 0 
337 339 0 
338 340 1 
339 340 1 
