vertices 500
0 0 1 1 1 0 0 0 0 0 0 0 0 0 0 0 0 0 0 
1 1 1 1 1 2 0 0 0 0 0 0 0 0 0 0 0 0 0 
2 2 1 1 1 0 1 0 0 0 0 0 0 0 0 0 0 0 0 
3 3 1 2 2 2 1 0 0 0 0 0 0 0 0 0 0 0 0 
4 6 1 1 1 0 1 1 0 0 0 0 0 0 0 0 0 0 0 
5 7 1 3 3 2 1 1 0 0 0 0 0 0 0 0 0 0 0 
6 19 1 2 2 2 1 0 0 2 0 0 0 0 0 0 0 0 0 
7 35 1 2 2 2 1 0 0 0 2 0 0 0 0 0 0 0 0 
8 28 1 3 3 2 1 0 0 0 0 0 0 0 0 1 0 0 0 
9 22 1 3 3 2 1 0 0 0 0 0 0 0 0 0 1 0 0 
10 14 0 1 0 0 1 1 1 0 0 0 0 0 0 0 0 0 0 
11 1030 1 1 1 0 1 1 0 0 0 0 0 0 0 1 0 0 0 
12 15 1 4 3 2 1 1 1 0 0 0 0 0 0 0 0 0 0 
13 23 1 8 8 2 1 1 0 2 0 0 0 0 0 0 0 0 0 
14 39 1 8 8 2 1 1 0 0 2 0 0 0 0 0 0 0 0 
15 27 1 5 5 2 1 1 0 0 0 2 0 0 0 0 0 0 0 
16 43 1 8 8 2 1 1 0 0 0 0 2 0 0 0 0 0 0 
17 29 1 8 8 2 1 1 0 0 0 0 0 2 0 0 0 0 0 
18 1031 1 7 7 2 1 1 0 0 0 0 0 0 0 1 0 0 0 
19 30 0 10 0 2 1 1 0 0 0 0 0 0 0 0 1 0 0 
20 1037 1 7 7 2 1 1 0 0 0 0 0 0 0 0 0 1 0 
21 51 1 4 4 2 1 0 0 2 2 0 0 0 0 0 0 0 0 
22 54 1 8 8 2 1 0 0 2 0 0 0 0 0 0 1 0 0 
23 92 1 6 6 2 1 0 0 0 0 0 0 0 2 1 0 0 0 
24 46 0 7 0 2 1 0 0 0 0 0 0 0 0 1 1 0 0 
25 1068 1 4 4 2 1 0 0 0 0 0 0 0 0 1 0 1 0 
26 156 1 3 3 2 1 0 0 0 0 0 0 0 0 1 0 0 2 
27 1100 1 4 4 2 1 0 0 0 0 0 0 0 0 0 1 1 0 
28 150 1 3 3 2 1 0 0 0 0 0 0 0 0 0 1 0 2 
29 1038 0 2 0 0 1 1 1 0 0 0 0 0 0 1 0 0 0 
30 3084 0 1 0 0 1 1 0 0 0 0 0 0 0 1 0 1 0 
31 31 1 35 24 2 1 1 1 2 0 0 0 0 0 0 0 0 0 
32 47 1 27 19 2 1 1 1 0 2 0 0 0 0 0 0 0 0 
33 1039 0 30 0 2 1 1 1 0 0 0 0 0 0 1 0 0 0 
34 55 1 28 28 2 1 1 0 2 2 0 0 0 0 0 0 0 0 
35 59 1 25 25 2 1 1 0 2 0 2 0 0 0 0 0 0 0 
36 151 1 19 19 2 1 1 0 2 0 0 2 0 0 0 0 0 0 
37 93 1 22 22 2 1 1 0 2 0 0 0 2 0 0 0 0 0 
38 1047 1 30 30 2 1 1 0 2 0 0 0 0 0 1 0 0 0 
39 62 0 33 0 2 1 1 0 2 0 0 0 0 0 0 1 0 0 
40 1101 1 19 19 2 1 1 0 2 0 0 0 0 0 0 0 1 0 
41 91 1 25 25 2 1 1 0 0 2 2 0 0 0 0 0 0 0 
42 167 1 22 22 2 1 1 0 0 2 0 2 0 0 0 0 0 0 
43 157 1 19 19 2 1 1 0 0 2 0 0 2 0 0 0 0 0 
44 1063 1 15 15 2 1 1 0 0 2 0 0 0 0 1 0 0 0 
45 94 0 32 0 2 1 1 0 0 2 0 0 0 0 0 1 0 0 
46 1165 1 19 19 2 1 1 0 0 2 0 0 0 0 0 0 1 0 
47 1078 1 27 27 2 1 1 0 0 0 2 0 0 0 1 0 0 0 
48 107 1 28 28 2 1 1 0 0 0 0 2 2 0 0 0 0 0 
49 1159 1 19 19 2 1 1 0 0 0 0 2 0 0 1 0 0 0 
50 1110 1 15 15 2 1 1 0 0 0 0 2 0 0 0 0 1 0 
51 1084 1 19 19 2 1 1 0 0 0 0 0 2 0 1 0 0 0 
52 110 0 33 0 2 1 1 0 0 0 0 0 2 0 0 1 0 0 
53 1116 1 17 17 2 1 1 0 0 0 0 0 0 2 1 0 0 0 
54 1070 0 30 0 2 1 1 0 0 0 0 0 0 0 1 1 0 0 
55 3085 0 23 0 2 1 1 0 0 0 0 0 0 0 1 0 1 0 
56 1180 1 14 14 2 1 1 0 0 0 0 0 0 0 1 0 0 2 
57 1102 0 30 0 2 1 1 0 0 0 0 0 0 0 0 1 1 0 
58 158 0 23 0 2 1 1 0 0 0 0 0 0 0 0 1 0 2 
59 1069 1 17 17 2 1 1 0 0 0 0 0 0 2 0 0 1 0 
60 1174 1 14 14 2 1 1 0 0 0 0 0 0 0 0 0 1 2 
61 115 1 4 4 2 1 0 0 2 2 2 0 0 0 0 0 0 0 
62 220 1 17 17 2 1 0 0 2 0 0 2 0 0 0 1 0 0 
63 1228 1 16 16 2 1 0 0 2 0 0 0 0 0 0 1 1 0 
64 182 1 17 17 2 1 0 0 2 0 0 0 0 0 0 1 0 2 
65 174 0 13 0 2 1 0 0 0 0 0 0 0 2 1 1 0 0 
66 1166 0 17 0 2 1 0 0 0 0 0 0 0 0 1 1 1 0 
67 1196 1 4 4 2 1 0 0 0 0 0 2 0 0 1 0 1 0 
68 1132 1 8 8 2 1 0 0 0 0 0 0 2 0 1 0 1 0 
69 1670 1 4 4 2 1 0 0 0 0 0 0 0 2 0 1 1 0 
70 3086 0 3 0 0 1 1 1 0 0 0 0 0 0 1 1 0 0 
71 63 1 148 96 2 1 1 1 2 2 0 0 0 0 0 0 0 0 
72 95 1 139 96 2 1 1 1 2 0 2 0 0 0 0 0 0 0 
73 159 1 123 81 2 1 1 1 2 0 0 2 0 0 0 0 0 0 
74 111 1 148 96 2 1 1 1 2 0 0 0 0 2 0 0 0 0 
75 1055 1 95 54 2 1 1 1 2 0 0 0 0 0 1 0 0 0 
76 1086 0 174 0 2 1 1 1 2 0 0 0 0 0 0 1 0 0 
77 1103 0 174 0 2 1 1 1 2 0 0 0 0 0 0 0 1 0 
78 175 1 62 41 2 1 1 1 0 2 0 2 0 0 0 0 0 0 
79 1071 0 151 0 2 1 1 1 0 2 0 0 0 0 1 0 0 0 
80 1118 0 151 0 2 1 1 1 0 2 0 0 0 0 0 1 0 0 
81 1167 0 112 0 2 1 1 1 0 2 0 0 0 0 0 0 1 0 
82 3087 0 116 0 2 1 1 1 0 0 0 0 0 0 1 1 0 0 
83 1182 0 98 0 2 1 1 1 0 0 0 0 0 0 1 0 0 2 
84 119 1 110 110 2 1 1 0 2 2 2 0 0 0 0 0 0 0 
85 183 1 86 86 2 1 1 0 2 2 0 2 0 0 0 0 0 0 
86 221 1 86 86 2 1 1 0 2 2 0 0 2 0 0 0 0 0 
87 1079 1 125 125 2 1 1 0 2 2 0 0 0 0 1 0 0 0 
88 126 0 154 0 2 1 1 0 2 2 0 0 0 0 0 1 0 0 
89 1229 1 82 82 2 1 1 0 2 2 0 0 0 0 0 0 1 0 
90 215 1 44 44 2 1 1 0 2 0 2 2 0 0 0 0 0 0 
91 231 1 94 94 2 1 1 0 2 0 2 0 2 0 0 0 0 0 
92 1111 1 125 125 2 1 1 0 2 0 2 0 0 0 1 0 0 0 
93 1223 1 90 90 2 1 1 0 2 0 2 0 0 0 0 0 1 0 
94 246 1 86 86 2 1 1 0 2 0 0 2 2 0 0 0 0 0 
95 1175 1 82 82 2 1 1 0 2 0 0 2 0 0 1 0 0 0 
96 222 0 124 0 2 1 1 0 2 0 0 2 0 0 0 1 0 0 
97 1238 1 67 67 2 1 1 0 2 0 0 2 0 0 0 0 1 0 
98 1085 1 88 88 2 1 1 0 2 0 0 0 2 0 1 0 0 0 
99 238 0 101 0 2 1 1 0 2 0 0 0 2 0 0 1 0 0 
100 1117 1 88 88 2 1 1 0 2 0 0 0 2 0 0 0 1 0 
101 1134 0 164 0 2 1 1 0 2 0 0 0 0 0 1 1 0 0 
102 3101 0 99 0 2 1 1 0 2 0 0 0 0 0 1 0 1 0 
103 1181 1 82 82 2 1 1 0 2 0 0 0 0 0 1 0 0 2 
104 1230 0 115 0 2 1 1 0 2 0 0 0 0 0 0 1 1 0 
105 190 0 86 0 2 1 1 0 2 0 0 0 0 0 0 1 0 2 
106 1133 1 44 44 2 1 1 0 2 0 0 0 0 2 0 0 1 0 
107 1686 1 37 37 2 1 1 0 2 0 0 0 0 0 0 0 1 2 
108 359 1 44 44 2 1 1 0 0 2 2 0 2 0 0 0 0 0 
109 1351 1 90 90 2 1 1 0 0 2 2 0 0 0 0 0 1 0 
110 374 1 86 86 2 1 1 0 0 2 0 2 2 0 0 0 0 0 
111 1191 1 73 73 2 1 1 0 0 2 0 2 0 0 1 0 0 0 
112 350 0 54 0 2 1 1 0 0 2 0 2 0 0 0 1 0 0 
113 1366 1 73 73 2 1 1 0 0 2 0 2 0 0 0 0 1 0 
114 1319 1 67 67 2 1 1 0 0 2 0 0 2 0 1 0 0 0 
115 366 0 124 0 2 1 1 0 0 2 0 0 2 0 0 1 0 0 
116 3213 0 61 0 2 1 1 0 0 2 0 0 0 0 1 0 1 0 
117 1358 0 143 0 2 1 1 0 0 2 0 0 0 0 0 1 1 0 
118 1197 1 40 40 2 1 1 0 0 2 0 0 0 2 0 0 1 0 
119 1644 1 41 41 2 1 1 0 0 2 0 0 0 0 0 0 1 2 
120 1206 1 75 75 2 1 1 0 0 0 2 0 0 2 1 0 0 0 
121 3276 0 66 0 2 1 1 0 0 0 2 0 0 0 1 0 1 0 
122 1325 1 75 75 2 1 1 0 0 0 2 0 0 0 1 0 0 2 
123 1415 1 82 82 2 1 1 0 0 0 0 2 2 0 1 0 0 0 
124 1671 1 40 40 2 1 1 0 0 0 0 2 0 2 1 0 0 0 
125 3244 0 61 0 2 1 1 0 0 0 0 2 0 0 1 0 1 0 
126 1388 1 41 41 2 1 1 0 0 0 0 2 0 0 1 0 0 2 
127 1148 1 44 44 2 1 1 0 0 0 0 0 2 2 1 0 0 0 
128 1422 0 115 0 2 1 1 0 0 0 0 0 2 0 1 1 0 0 
129 1212 1 37 37 2 1 1 0 0 0 0 0 2 0 1 0 0 2 
130 430 0 86 0 2 1 1 0 0 0 0 0 2 0 0 1 0 2 
131 1198 0 81 0 2 1 1 0 0 0 0 0 0 2 1 1 0 0 
132 3117 0 57 0 2 1 1 0 0 0 0 0 0 2 1 0 1 0 
133 1244 1 64 64 2 1 1 0 0 0 0 0 0 2 1 0 0 2 
134 3214 0 103 0 2 1 1 0 0 0 0 0 0 0 1 1 1 0 
135 1326 0 67 0 2 1 1 0 0 0 0 0 0 0 1 1 0 2 
136 3228 0 51 0 2 1 1 0 0 0 0 0 0 0 1 0 1 2 
137 1678 0 81 0 2 1 1 0 0 0 0 0 0 2 0 1 1 0 
138 1614 0 67 0 2 1 1 0 0 0 0 0 0 0 0 1 1 2 
139 1430 1 64 64 2 1 1 0 0 0 0 0 0 2 0 0 1 2 
140 438 1 34 34 2 1 0 0 2 0 0 2 0 0 0 1 0 2 
141 1260 1 28 28 2 1 0 0 2 0 0 0 2 0 0 1 1 0 
142 1926 1 28 28 2 1 0 0 2 0 0 0 0 2 0 1 1 0 
143 686 0 13 0 2 1 0 0 0 0 0 2 0 2 1 1 0 0 
144 3466 0 25 0 2 1 0 0 0 0 0 0 2 0 1 1 1 0 
145 7182 0 3 0 0 1 1 1 0 0 0 0 0 0 1 1 1 0 
146 127 1 699 398 2 1 1 1 2 2 2 0 0 0 0 0 0 0 
147 191 1 505 304 2 1 1 1 2 2 0 2 0 0 0 0 0 0 
148 223 1 664 403 2 1 1 1 2 2 0 0 2 0 0 0 0 0 
149 239 1 553 327 2 1 1 1 2 2 0 0 0 2 0 0 0 0 
150 1087 1 920 459 2 1 1 1 2 2 0 0 0 0 1 0 0 0 
151 1150 0 960 0 2 1 1 1 2 2 0 0 0 0 0 1 0 0 
152 1231 0 721 0 2 1 1 1 2 2 0 0 0 0 0 0 1 0 
153 351 1 287 190 2 1 1 1 2 0 2 0 2 0 0 0 0 0 
154 367 1 664 403 2 1 1 1 2 0 2 0 0 2 0 0 0 0 
155 1119 1 920 459 2 1 1 1 2 0 2 0 0 0 1 0 0 0 
156 1359 0 911 0 2 1 1 1 2 0 2 0 0 0 0 0 1 0 
157 431 1 505 304 2 1 1 1 2 0 0 2 0 2 0 0 0 0 
158 1183 1 592 299 2 1 1 1 2 0 0 2 0 0 1 0 0 0 
159 1327 0 781 0 2 1 1 1 2 0 0 2 0 0 0 1 0 0 
160 1615 0 781 0 2 1 1 1 2 0 0 2 0 0 0 0 1 0 
161 1423 0 721 0 2 1 1 1 2 0 0 0 0 2 0 1 0 0 
162 1135 0 960 0 2 1 1 1 2 0 0 0 0 2 0 0 1 0 
163 3103 0 822 0 2 1 1 1 2 0 0 0 0 0 1 1 0 0 
164 3278 0 863 0 2 1 1 1 2 0 0 0 0 0 0 1 1 0 
165 1214 0 551 0 2 1 1 1 2 0 0 0 0 0 0 1 0 2 
166 1694 0 551 0 2 1 1 1 2 0 0 0 0 0 0 0 1 2 
167 687 1 75 41 2 1 1 1 0 2 0 2 0 2 0 0 0 0 
168 1199 0 519 0 2 1 1 1 0 2 0 2 0 0 1 0 0 0 
169 1374 0 707 0 2 1 1 1 0 2 0 2 0 0 0 1 0 0 
170 1679 0 519 0 2 1 1 1 0 2 0 2 0 0 0 0 1 0 
171 3119 0 475 0 2 1 1 1 0 2 0 0 0 0 1 1 0 0 
172 3215 0 767 0 2 1 1 1 0 2 0 0 0 0 1 0 1 0 
173 1438 0 619 0 2 1 1 1 0 2 0 0 0 0 1 0 0 2 
174 3246 0 767 0 2 1 1 1 0 2 0 0 0 0 0 1 1 0 
175 1246 0 619 0 2 1 1 1 0 2 0 0 0 0 0 1 0 2 
176 3482 0 317 0 2 1 1 1 0 2 0 0 0 0 0 0 1 2 
177 7183 0 222 0 2 1 1 1 0 0 0 0 0 0 1 1 1 0 
178 3230 0 502 0 2 1 1 1 0 0 0 0 0 0 1 1 0 2 
179 247 1 420 420 2 1 1 0 2 2 2 2 0 0 0 0 0 0 
180 375 1 420 420 2 1 1 0 2 2 2 0 2 0 0 0 0 0 
181 1143 1 360 360 2 1 1 0 2 2 2 0 0 0 1 0 0 0 
182 1479 1 454 454 2 1 1 0 2 2 2 0 0 0 0 0 1 0 
183 439 1 378 378 2 1 1 0 2 2 0 2 2 0 0 0 0 0 
184 1207 1 441 441 2 1 1 0 2 2 0 2 0 0 1 0 0 0 
185 382 0 628 0 2 1 1 0 2 2 0 2 0 0 0 1 0 0 
186 1494 1 372 372 2 1 1 0 2 2 0 2 0 0 0 0 1 0 
187 1335 1 441 441 2 1 1 0 2 2 0 0 2 0 1 0 0 0 
188 494 0 551 0 2 1 1 0 2 2 0 0 2 0 0 1 0 0 
189 1245 1 402 402 2 1 1 0 2 2 0 0 2 0 0 0 1 0 
190 1255 1 470 470 2 1 1 0 2 2 0 0 0 2 1 0 0 0 
191 3277 0 551 0 2 1 1 0 2 2 0 0 0 0 1 0 1 0 
192 1383 1 408 408 2 1 1 0 2 2 0 0 0 0 1 0 0 2 
193 1486 0 691 0 2 1 1 0 2 2 0 0 0 0 0 1 1 0 
194 254 0 551 0 2 1 1 0 2 2 0 0 0 0 0 1 0 2 
195 1261 1 194 194 2 1 1 0 2 2 0 0 0 2 0 0 1 0 
196 1990 1 188 188 2 1 1 0 2 2 0 0 0 0 0 0 1 2 
197 1239 1 408 408 2 1 1 0 2 0 2 2 0 0 1 0 0 0 
198 1367 1 470 470 2 1 1 0 2 0 2 0 2 0 1 0 0 0 
199 1270 1 441 441 2 1 1 0 2 0 2 0 0 2 1 0 0 0 
200 3308 0 551 0 2 1 1 0 2 0 2 0 0 0 1 0 1 0 
201 1398 1 441 441 2 1 1 0 2 0 2 0 0 0 1 0 0 2 
202 1389 1 250 250 2 1 1 0 2 0 2 0 0 2 0 0 1 0 
203 1718 1 242 242 2 1 1 0 2 0 2 0 0 0 0 0 1 2 
204 1431 1 402 402 2 1 1 0 2 0 0 2 2 0 1 0 0 0 
205 1687 1 247 247 2 1 1 0 2 0 0 2 0 2 1 0 0 0 
206 1646 0 707 0 2 1 1 0 2 0 0 2 0 0 1 1 0 0 
207 3260 0 438 0 2 1 1 0 2 0 0 2 0 0 1 0 1 0 
208 1894 1 246 246 2 1 1 0 2 0 0 2 0 0 1 0 0 2 
209 446 0 454 0 2 1 1 0 2 0 0 2 0 0 0 1 0 2 
210 1645 1 225 225 2 1 1 0 2 0 0 2 0 2 0 0 1 0 
211 1750 1 104 104 2 1 1 0 2 0 0 2 0 0 0 0 1 2 
212 1149 1 264 264 2 1 1 0 2 0 0 0 2 2 1 0 0 0 
213 1934 0 577 0 2 1 1 0 2 0 0 0 2 0 1 1 0 0 
214 3133 0 420 0 2 1 1 0 2 0 0 0 2 0 1 0 1 0 
215 1213 1 247 247 2 1 1 0 2 0 0 0 2 0 1 0 0 2 
216 1262 0 577 0 2 1 1 0 2 0 0 0 2 0 0 1 1 0 
217 702 0 286 0 2 1 1 0 2 0 0 0 2 0 0 1 0 2 
218 3470 0 621 0 2 1 1 0 2 0 0 0 0 0 1 1 1 0 
219 1390 0 707 0 2 1 1 0 2 0 0 0 0 0 1 1 0 2 
220 3229 0 438 0 2 1 1 0 2 0 0 0 0 0 1 0 1 2 
221 3467 0 293 0 2 1 1 0 2 0 0 0 0 2 0 1 1 0 
222 1742 0 450 0 2 1 1 0 2 0 0 0 0 0 0 1 1 2 
223 1942 1 173 173 2 1 1 0 2 0 0 0 0 2 0 0 1 2 
224 1453 1 242 242 2 1 1 0 0 2 2 0 0 2 0 0 1 0 
225 1660 1 250 250 2 1 1 0 0 2 2 0 0 0 0 0 1 2 
226 1447 1 372 372 2 1 1 0 0 2 0 2 2 0 1 0 0 0 
227 1703 1 113 113 2 1 1 0 0 2 0 2 0 2 1 0 0 0 
228 3245 0 405 0 2 1 1 0 0 2 0 2 0 0 1 0 1 0 
229 1404 1 225 225 2 1 1 0 0 2 0 2 0 0 1 0 0 2 
230 1709 1 113 113 2 1 1 0 0 2 0 2 0 2 0 0 1 0 
231 1468 1 104 104 2 1 1 0 0 2 0 0 2 0 1 0 0 2 
232 1710 0 398 0 2 1 1 0 0 2 0 0 0 2 0 1 1 0 
233 1772 1 173 173 2 1 1 0 0 2 0 0 0 2 0 0 1 2 
234 3292 0 452 0 2 1 1 0 0 0 2 0 0 2 1 0 1 0 
235 1462 1 312 312 2 1 1 0 0 0 2 0 0 2 1 0 0 2 
236 1927 1 194 194 2 1 1 0 0 0 0 2 2 2 1 0 0 0 
237 1516 1 188 188 2 1 1 0 0 0 0 2 2 0 1 0 0 2 
238 1958 1 173 173 2 1 1 0 0 0 0 2 0 2 1 0 0 2 
239 3530 0 293 0 2 1 1 0 0 0 0 0 2 2 1 1 0 0 
240 1276 1 173 173 2 1 1 0 0 0 0 0 2 2 1 0 0 2 
241 1454 0 450 0 2 1 1 0 0 0 0 0 2 0 1 1 0 2 
242 3726 0 322 0 2 1 1 0 0 0 0 0 0 2 1 1 1 0 
243 3529 1 56 56 2 1 0 0 2 0 0 0 2 2 0 1 1 0 
244 255 1 3392 1852 2 1 1 1 2 2 2 2 0 0 0 0 0 0 
245 383 1 3782 2234 2 1 1 1 2 2 2 0 2 0 0 0 0 0 
246 495 1 3392 1852 2 1 1 1 2 2 2 0 0 2 0 0 0 0 
247 1151 1 5083 1940 2 1 1 1 2 2 2 0 0 0 1 0 0 0 
248 1487 0 4197 0 2 1 1 1 2 2 2 0 0 0 0 0 1 0 
249 447 1 3170 1792 2 1 1 1 2 2 0 2 2 0 0 0 0 0 
250 703 1 1924 976 2 1 1 1 2 2 0 2 0 2 0 0 0 0 
251 1215 1 3775 1750 2 1 1 1 2 2 0 2 0 0 1 0 0 0 
252 1406 0 4954 0 2 1 1 1 2 2 0 2 0 0 0 1 0 0 
253 1743 0 3590 0 2 1 1 1 2 2 0 2 0 0 0 0 1 0 
254 1343 1 2806 1303 2 1 1 1 2 2 0 0 2 0 1 0 0 0 
255 1662 0 5232 0 2 1 1 1 2 2 0 0 2 0 0 1 0 0 
256 1247 1 4326 1971 2 1 1 1 2 2 0 0 2 0 0 0 1 0 
257 1375 1 5238 2375 2 1 1 1 2 2 0 0 0 2 1 0 0 0 
258 1935 0 3994 0 2 1 1 1 2 2 0 0 0 2 0 1 0 0 
259 1263 0 3994 0 2 1 1 1 2 2 0 0 0 2 0 0 1 0 
260 3135 0 5477 0 2 1 1 1 2 2 0 0 0 0 1 1 0 0 
261 3279 0 6132 0 2 1 1 1 2 2 0 0 0 0 1 0 1 0 
262 1439 1 4326 1971 2 1 1 1 2 2 0 0 0 0 1 0 0 2 
263 3534 0 5467 0 2 1 1 1 2 2 0 0 0 0 0 1 1 0 
264 1278 0 3872 0 2 1 1 1 2 2 0 0 0 0 0 1 0 2 
265 3483 0 2320 0 2 1 1 1 2 2 0 0 0 0 0 0 1 2 
266 1631 1 2806 1303 2 1 1 1 2 0 2 0 0 2 1 0 0 0 
267 1391 0 5232 0 2 1 1 1 2 0 2 0 0 2 0 0 1 0 
268 3310 0 6132 0 2 1 1 1 2 0 2 0 0 0 1 0 1 0 
269 1695 1 3775 1750 2 1 1 1 2 0 2 0 0 0 1 0 0 2 
270 1726 0 3181 0 2 1 1 1 2 0 2 0 0 0 0 0 1 2 
271 1455 0 3590 0 2 1 1 1 2 0 0 2 0 2 0 1 0 0 
272 1647 0 4954 0 2 1 1 1 2 0 0 2 0 2 0 0 1 0 
273 3231 0 5160 0 2 1 1 1 2 0 0 2 0 0 1 1 0 0 
274 3262 0 5160 0 2 1 1 1 2 0 0 2 0 0 1 0 1 0 
275 3514 1 1155 545 2 1 1 1 2 0 0 2 0 0 1 0 0 2 
276 3294 0 5092 0 2 1 1 1 2 0 0 2 0 0 0 1 1 0 
277 1470 0 3271 0 2 1 1 1 2 0 0 2 0 0 0 1 0 2 
278 1758 0 3271 0 2 1 1 1 2 0 0 2 0 0 0 0 1 2 
279 3471 0 5467 0 2 1 1 1 2 0 0 0 0 2 0 1 1 0 
280 3562 0 2320 0 2 1 1 1 2 0 0 0 0 2 0 1 0 2 
281 1950 0 3872 0 2 1 1 1 2 0 0 0 0 2 0 0 1 2 
282 7199 0 2528 0 2 1 1 1 2 0 0 0 0 0 1 1 1 0 
283 3742 0 4141 0 2 1 1 1 2 0 0 0 0 0 0 1 1 2 
284 1711 0 2444 0 2 1 1 1 0 2 0 2 0 2 1 0 0 0 
285 3247 0 4159 0 2 1 1 1 0 2 0 2 0 0 1 1 0 0 
286 3727 0 3697 0 2 1 1 1 0 2 0 2 0 0 1 0 1 0 
287 3546 0 2146 0 2 1 1 1 0 2 0 2 0 0 1 0 0 2 
288 1502 0 4008 0 2 1 1 1 0 2 0 2 0 0 0 1 0 2 
289 3499 0 2146 0 2 1 1 1 0 2 0 2 0 0 0 0 1 2 
290 7215 0 2553 0 2 1 1 1 0 2 0 0 0 0 1 1 1 0 
291 3486 0 4421 0 2 1 1 1 0 2 0 0 0 0 1 0 1 2 
292 3502 0 4421 0 2 1 1 1 0 2 0 0 0 0 0 1 1 2 
293 7326 0 724 0 2 1 1 1 0 0 0 0 0 0 1 1 1 2 
294 503 1 1218 1218 2 1 1 0 2 2 2 2 2 0 0 0 0 0 
295 1271 1 2540 2540 2 1 1 0 2 2 2 2 0 0 1 0 0 0 
296 1495 1 2526 2526 2 1 1 0 2 2 2 2 0 0 0 0 1 0 
297 1399 1 2540 2540 2 1 1 0 2 2 2 0 2 0 1 0 0 0 
298 1501 1 2526 2526 2 1 1 0 2 2 2 0 2 0 0 0 1 0 
299 3533 0 1972 0 2 1 1 0 2 2 2 0 0 0 1 0 1 0 
300 1517 1 1328 1328 2 1 1 0 2 2 2 0 0 2 0 0 1 0 
301 1991 1 1328 1328 2 1 1 0 2 2 2 0 0 0 0 0 1 2 
302 1463 1 2346 2346 2 1 1 0 2 2 0 2 2 0 1 0 0 0 
303 510 0 2562 0 2 1 1 0 2 2 0 2 2 0 0 1 0 0 
304 1526 1 2346 2346 2 1 1 0 2 2 0 2 2 0 0 0 1 0 
305 1719 1 1513 1513 2 1 1 0 2 2 0 2 0 2 1 0 0 0 
306 3501 0 3074 0 2 1 1 0 2 2 0 2 0 0 1 0 1 0 
307 1895 1 1570 1570 2 1 1 0 2 2 0 2 0 0 1 0 0 2 
308 1773 1 1077 1077 2 1 1 0 2 2 0 2 0 2 0 0 1 0 
309 2006 1 1062 1062 2 1 1 0 2 2 0 2 0 0 0 0 1 2 
310 1405 1 1650 1650 2 1 1 0 2 2 0 0 2 2 1 0 0 0 
311 3293 0 3127 0 2 1 1 0 2 2 0 0 2 0 1 0 1 0 
312 1469 1 1442 1442 2 1 1 0 2 2 0 0 2 0 1 0 0 2 
313 1518 0 3566 0 2 1 1 0 2 2 0 0 2 0 0 1 1 0 
314 766 0 1842 0 2 1 1 0 2 2 0 0 2 0 0 1 0 2 
315 1277 1 1280 1280 2 1 1 0 2 2 0 0 2 2 0 0 1 0 
316 2022 1 1256 1256 2 1 1 0 2 2 0 0 2 0 0 0 1 2 
317 3309 0 3255 0 2 1 1 0 2 2 0 0 0 2 1 0 1 0 
318 3485 0 1585 0 2 1 1 0 2 2 0 0 0 0 1 0 1 2 
319 3975 0 2063 0 2 1 1 0 2 2 0 0 0 2 0 1 1 0 
320 1998 0 3566 0 2 1 1 0 2 2 0 0 0 0 0 1 1 2 
321 3545 1 784 784 2 1 1 0 2 2 0 0 0 2 0 0 1 2 
322 1751 1 1442 1442 2 1 1 0 2 0 2 2 0 2 1 0 0 0 
323 3564 0 1585 0 2 1 1 0 2 0 2 2 0 0 1 0 1 0 
324 1901 1 1570 1570 2 1 1 0 2 0 2 2 0 0 1 0 0 2 
325 1661 1 1650 1650 2 1 1 0 2 0 2 0 2 2 1 0 0 0 
326 1725 1 1513 1513 2 1 1 0 2 0 2 0 2 0 1 0 0 2 
327 3324 0 3127 0 2 1 1 0 2 0 2 0 0 2 1 0 1 0 
328 3548 0 3074 0 2 1 1 0 2 0 2 0 0 0 1 0 1 2 
329 1974 1 1150 1150 2 1 1 0 2 0 2 0 0 2 0 0 1 2 
330 1943 1 1280 1280 2 1 1 0 2 0 0 2 2 2 1 0 0 0 
331 2028 1 1256 1256 2 1 1 0 2 0 0 2 2 0 1 0 0 2 
332 1774 0 2838 0 2 1 1 0 2 0 0 2 0 2 1 1 0 0 
333 3261 0 2645 0 2 1 1 0 2 0 0 2 0 2 1 0 1 0 
334 1902 0 2114 0 2 1 1 0 2 0 0 2 0 0 1 1 0 2 
335 3516 0 1330 0 2 1 1 0 2 0 0 2 0 0 1 0 1 2 
336 3531 0 2060 0 2 1 1 0 2 0 0 0 2 2 1 1 0 0 
337 3197 0 684 0 2 1 1 0 2 0 0 0 2 2 1 0 1 0 
338 3982 0 3103 0 2 1 1 0 2 0 0 0 2 0 1 1 1 0 
339 1966 0 2838 0 2 1 1 0 2 0 0 0 2 0 1 1 0 2 
340 3990 0 916 0 2 1 1 0 2 0 0 0 0 2 0 1 1 2 
341 1788 1 1150 1150 2 1 1 0 0 2 2 0 0 2 0 0 1 2 
342 1959 1 1077 1077 2 1 1 0 0 2 0 2 2 2 1 0 0 0 
343 1532 1 1062 1062 2 1 1 0 0 2 0 2 2 0 1 0 0 2 
344 3757 0 631 0 2 1 1 0 0 2 0 2 0 2 1 0 1 0 
345 3804 0 764 0 2 1 1 0 0 0 2 0 0 2 1 0 1 2 
346 3561 1 784 784 2 1 1 0 0 0 0 2 2 2 1 0 0 2 
347 4042 0 916 0 2 1 1 0 0 0 0 0 2 2 1 1 0 2 
348 511 1 17516 8948 2 1 1 1 2 2 2 2 2 0 0 0 0 0 
349 767 1 13720 6472 2 1 1 1 2 2 2 2 0 2 0 0 0 0 
350 1279 1 28262 11333 2 1 1 1 2 2 2 2 0 0 1 0 0 0 
351 1407 1 34677 13894 2 1 1 1 2 2 2 2 0 0 0 1 0 0 
352 1999 0 27825 0 2 1 1 1 2 2 2 2 0 0 0 0 1 0 
353 1663 1 34677 13894 2 1 1 1 2 2 2 0 2 0 0 1 0 0 
354 1503 1 30929 13603 2 1 1 1 2 2 2 0 2 0 0 0 1 0 
355 1951 1 28262 11333 2 1 1 1 2 2 2 0 0 2 0 1 0 0 
356 1519 0 27825 0 2 1 1 1 2 2 2 0 0 2 0 0 1 0 
357 3199 1 11244 1940 2 1 1 1 2 2 2 0 0 0 1 1 0 0 
358 3535 0 36510 0 2 1 1 1 2 2 2 0 0 0 1 0 1 0 
359 3995 0 16737 0 2 1 1 1 2 2 2 0 0 0 0 0 1 2 
360 1471 1 24726 10604 2 1 1 1 2 2 0 2 2 0 1 0 0 0 
361 1903 0 31358 0 2 1 1 1 2 2 0 2 2 0 0 1 0 0 
362 1759 1 24726 10604 2 1 1 1 2 2 0 2 2 0 0 0 1 0 
363 1727 1 23363 9877 2 1 1 1 2 2 0 2 0 2 1 0 0 0 
364 1967 0 22334 0 2 1 1 1 2 2 0 2 0 2 0 1 0 0 
365 1775 0 22334 0 2 1 1 1 2 2 0 2 0 2 0 0 1 0 
366 3263 0 40059 0 2 1 1 1 2 2 0 2 0 0 1 1 0 0 
367 3774 0 35588 0 2 1 1 1 2 2 0 2 0 0 1 0 1 0 
368 3578 1 16548 7092 2 1 1 1 2 2 0 2 0 0 1 0 0 2 
369 3550 0 36911 0 2 1 1 1 2 2 0 2 0 0 0 1 1 0 
370 1534 0 25641 0 2 1 1 1 2 2 0 2 0 0 0 1 0 2 
371 4022 0 14455 0 2 1 1 1 2 2 0 2 0 0 0 0 1 2 
372 3295 0 41224 0 2 1 1 1 2 2 0 0 2 0 1 1 0 0 
373 3566 0 38209 0 2 1 1 1 2 2 0 0 2 0 0 1 1 0 
374 1790 0 22828 0 2 1 1 1 2 2 0 0 2 0 0 1 0 2 
375 3515 1 16548 7092 2 1 1 1 2 2 0 0 2 0 0 0 1 2 
376 3311 0 38381 0 2 1 1 1 2 2 0 0 0 2 1 1 0 0 
377 3983 0 31040 0 2 1 1 1 2 2 0 0 0 2 0 1 1 0 
378 3563 0 16826 0 2 1 1 1 2 2 0 0 0 2 0 1 0 2 
379 3547 0 16826 0 2 1 1 1 2 2 0 0 0 2 0 0 1 2 
380 7231 0 36859 0 2 1 1 1 2 2 0 0 0 0 1 1 1 0 
381 3326 0 41224 0 2 1 1 1 2 2 0 0 0 0 1 1 0 2 
382 3487 0 38209 0 2 1 1 1 2 2 0 0 0 0 1 0 1 2 
383 4046 0 30933 0 2 1 1 1 2 2 0 0 0 0 0 1 1 2 
384 1982 0 22828 0 2 1 1 1 2 0 2 0 0 2 0 0 1 2 
385 3743 0 35588 0 2 1 1 1 2 0 2 0 0 0 1 0 1 2 
386 3503 0 36911 0 2 1 1 1 2 0 0 2 0 2 0 1 1 0 
387 4058 0 14455 0 2 1 1 1 2 0 0 2 0 2 0 1 0 2 
388 2014 0 25641 0 2 1 1 1 2 0 0 2 0 2 0 0 1 2 
389 7327 0 34200 0 2 1 1 1 2 0 0 2 0 0 1 1 1 0 
390 3518 0 30303 0 2 1 1 1 2 0 0 2 0 0 1 1 0 2 
391 3806 0 16539 0 2 1 1 1 2 0 0 2 0 0 0 1 1 2 
392 3998 0 30933 0 2 1 1 1 2 0 0 0 0 2 0 1 1 2 
393 3759 0 10931 0 2 1 1 1 0 2 0 2 0 2 1 1 0 0 
394 4007 0 14961 0 2 1 1 1 0 2 0 2 0 2 1 0 0 2 
395 7343 0 10409 0 2 1 1 1 0 2 0 2 0 0 1 1 1 0 
396 4014 0 28255 0 2 1 1 1 0 2 0 2 0 0 1 0 1 2 
397 1527 1 16042 16042 2 1 1 0 2 2 2 2 2 0 1 0 0 0 
398 1783 1 5495 5495 2 1 1 0 2 2 2 2 0 2 1 0 0 0 
399 3565 0 20191 0 2 1 1 0 2 2 2 2 0 0 1 0 1 0 
400 1911 1 11520 11520 2 1 1 0 2 2 2 2 0 0 1 0 0 2 
401 2029 1 9270 9270 2 1 1 0 2 2 2 2 0 2 0 0 1 0 
402 2007 1 9288 9288 2 1 1 0 2 2 2 2 0 0 0 0 1 2 
403 3549 0 20191 0 2 1 1 0 2 2 2 0 2 0 1 0 1 0 
404 1981 1 5495 5495 2 1 1 0 2 2 2 0 2 0 1 0 0 2 
405 1533 1 9288 9288 2 1 1 0 2 2 2 0 2 2 0 0 1 0 
406 2023 1 9270 9270 2 1 1 0 2 2 2 0 2 0 0 0 1 2 
407 4053 1 6524 6524 2 1 1 0 2 2 2 0 0 2 0 0 1 2 
408 1975 1 9016 9016 2 1 1 0 2 2 0 2 2 2 1 0 0 0 
409 3805 0 20158 0 2 1 1 0 2 2 0 2 2 0 1 0 1 0 
410 2044 1 8826 8826 2 1 1 0 2 2 0 2 2 0 1 0 0 2 
411 1022 0 4404 0 2 1 1 0 2 2 0 2 2 0 0 1 0 2 
412 1789 1 9016 9016 2 1 1 0 2 2 0 2 2 2 0 0 1 0 
413 2038 1 8826 8826 2 1 1 0 2 2 0 2 2 0 0 0 1 2 
414 3773 0 17859 0 2 1 1 0 2 2 0 2 0 2 1 0 1 0 
415 3517 0 17091 0 2 1 1 0 2 2 0 2 0 0 1 0 1 2 
416 4021 1 2923 2923 2 1 1 0 2 2 0 2 0 2 0 0 1 2 
417 3325 0 18698 0 2 1 1 0 2 2 0 0 2 2 1 0 1 0 
418 4043 0 13507 0 2 1 1 0 2 2 0 0 2 2 0 1 1 0 
419 2030 0 19276 0 2 1 1 0 2 2 0 0 2 0 0 1 1 2 
420 3577 1 6640 6640 2 1 1 0 2 2 0 0 2 2 0 0 1 2 
421 3991 0 13507 0 2 1 1 0 2 2 0 0 0 2 0 1 1 2 
422 3580 0 17091 0 2 1 1 0 2 0 2 2 0 2 1 0 1 0 
423 7293 0 5847 0 2 1 1 0 2 0 0 0 2 2 1 1 1 0 
424 4073 1 2923 2923 2 1 1 0 0 2 0 2 2 2 1 0 0 2 
425 1023 1 35640 15420 2 1 1 1 2 2 2 2 2 2 0 0 0 0 
426 1535 1 214906 83712 2 1 1 1 2 2 2 2 2 0 1 0 0 0 
427 1919 1 129748 48256 2 1 1 1 2 2 2 2 2 0 0 1 0 0 
428 2015 1 214906 83712 2 1 1 1 2 2 2 2 2 0 0 0 1 0 
429 1791 1 184421 66691 2 1 1 1 2 2 2 2 0 2 1 0 0 0 
430 1983 1 184421 66691 2 1 1 1 2 2 2 2 0 2 0 1 0 0 
431 2031 0 183212 0 2 1 1 1 2 2 2 2 0 2 0 0 1 0 
432 3327 1 316708 52394 2 1 1 1 2 2 2 2 0 0 1 1 0 0 
433 4047 0 278802 0 2 1 1 1 2 2 2 2 0 0 1 0 1 0 
434 3579 1 141432 55010 2 1 1 1 2 2 2 2 0 0 1 0 0 2 
435 3551 0 321683 0 2 1 1 1 2 2 2 2 0 0 0 1 1 0 
436 4055 0 127990 0 2 1 1 1 2 2 2 2 0 0 0 0 1 2 
437 3567 0 321683 0 2 1 1 1 2 2 2 0 2 0 0 1 1 0 
438 4027 1 137626 56204 2 1 1 1 2 2 2 0 2 0 0 0 1 2 
439 3999 0 278802 0 2 1 1 1 2 2 2 0 0 2 0 1 1 0 
440 4059 0 127990 0 2 1 1 1 2 2 2 0 0 2 0 0 1 2 
441 7295 0 90460 0 2 1 1 1 2 2 2 0 0 0 1 1 1 0 
442 3519 0 302070 0 2 1 1 1 2 2 0 2 2 0 1 1 0 0 
443 3807 0 285429 0 2 1 1 1 2 2 0 2 2 0 1 0 1 0 
444 4090 1 64555 26522 2 1 1 1 2 2 0 2 2 0 1 0 0 2 
445 3582 0 302070 0 2 1 1 1 2 2 0 2 2 0 0 1 1 0 
446 2046 0 169628 0 2 1 1 1 2 2 0 2 2 0 0 1 0 2 
447 4086 1 64555 26522 2 1 1 1 2 2 0 2 2 0 0 0 1 2 
448 3775 0 246437 0 2 1 1 1 2 2 0 2 0 2 1 1 0 0 
449 4015 0 221536 0 2 1 1 1 2 2 0 2 0 2 0 1 1 0 
450 4075 0 119663 0 2 1 1 1 2 2 0 2 0 2 0 1 0 2 
451 4023 0 119663 0 2 1 1 1 2 2 0 2 0 2 0 0 1 2 
452 7359 0 294780 0 2 1 1 1 2 2 0 2 0 0 1 1 1 0 
453 4030 0 253486 0 2 1 1 1 2 2 0 2 0 0 1 0 1 2 
454 4062 0 252577 0 2 1 1 1 2 2 0 2 0 0 0 1 1 2 
455 7391 0 181425 0 2 1 1 1 2 2 0 0 2 0 1 1 1 0 
456 4078 0 253486 0 2 1 1 1 2 2 0 0 2 0 0 1 1 2 
457 7407 0 116689 0 2 1 1 1 2 2 0 0 0 2 1 1 1 0 
458 7421 0 206372 0 2 1 1 1 2 2 0 0 0 2 0 1 1 2 
459 7422 0 181425 0 2 1 1 1 2 2 0 0 0 0 1 1 1 2 
460 7614 0 81042 0 2 1 1 1 2 0 0 2 0 0 1 1 1 2 
461 7855 0 21340 0 2 1 1 1 0 2 0 2 0 2 1 1 1 0 
462 2039 1 69457 69457 2 1 1 0 2 2 2 2 2 2 1 0 0 0 
463 4061 0 83106 0 2 1 1 0 2 2 2 2 2 0 1 0 1 0 
464 2045 1 69457 69457 2 1 1 0 2 2 2 2 2 0 1 0 0 2 
465 4077 0 72829 0 2 1 1 0 2 2 2 2 0 2 1 0 1 0 
466 3581 0 129998 0 2 1 1 0 2 2 2 2 0 0 1 0 1 2 
467 4085 1 52487 52487 2 1 1 0 2 2 2 2 0 2 0 0 1 2 
468 4029 0 72829 0 2 1 1 0 2 2 2 0 2 0 1 0 1 2 
469 4089 1 52487 52487 2 1 1 0 2 2 2 0 2 2 0 0 1 2 
470 3837 0 74747 0 2 1 1 0 2 2 0 2 2 2 1 0 1 0 
471 4092 0 71992 0 2 1 1 0 2 2 0 2 2 0 1 0 1 2 
472 7673 0 52930 0 2 1 1 0 2 2 0 0 2 2 0 1 1 2 
473 2047 1 1455796 503396 2 1 1 1 2 2 2 2 2 2 1 0 0 0 
474 3583 1 2395204 323084 2 1 1 1 2 2 2 2 2 0 1 1 0 0 
475 4063 0 2507874 0 2 1 1 1 2 2 2 2 2 0 1 0 1 0 
476 4091 1 1112537 410083 2 1 1 1 2 2 2 2 2 0 1 0 0 2 
477 4087 1 1112537 410083 2 1 1 1 2 2 2 2 2 0 0 0 1 2 
478 3839 1 1292163 185776 2 1 1 1 2 2 2 2 0 2 1 1 0 0 
479 4079 0 2321765 0 2 1 1 1 2 2 2 2 0 2 1 0 1 0 
480 4031 0 2321765 0 2 1 1 1 2 2 2 2 0 2 0 1 1 0 
481 8179 0 1006050 0 2 1 1 1 2 2 2 2 0 2 0 0 1 2 
482 7423 0 2588829 0 2 1 1 1 2 2 2 2 0 0 1 1 1 0 
483 7675 0 1851288 0 2 1 1 1 2 2 2 2 0 0 1 0 1 2 
484 7615 0 2387790 0 2 1 1 1 2 2 0 2 2 0 1 1 1 0 
485 4094 0 2019848 0 2 1 1 1 2 2 0 2 2 0 1 1 0 2 
486 7871 0 900782 0 2 1 1 1 2 2 0 2 0 2 1 1 1 0 
487 7933 0 994558 0 2 1 1 1 2 2 0 2 0 2 0 1 1 2 
488 4093 0 749389 0 2 1 1 0 2 2 2 2 2 2 1 0 1 0 
489 10231 1 243888 243888 2 1 1 0 2 2 2 2 2 2 1 0 0 2 
490 4095 1 17288878 1832422 2 1 1 1 2 2 2 2 2 2 1 1 0 0 
491 10239 1 4930808 1567450 2 1 1 1 2 2 2 2 2 2 1 0 0 2 
492 7679 0 11730985 0 2 1 1 1 2 2 2 2 2 0 1 1 1 0 
493 8183 0 15997611 0 2 1 1 1 2 2 2 2 2 0 1 0 1 2 
494 7935 0 12807652 0 2 1 1 1 2 2 2 2 0 2 1 1 1 0 
495 8190 0 4407638 0 2 1 1 1 2 2 0 2 2 0 1 1 1 2 
496 12285 0 993277 0 2 1 1 0 2 2 2 2 2 2 1 0 1 2 
497 8191 1 62232764 1832422 2 1 1 1 2 2 2 2 2 2 1 1 1 0 
498 12287 1 39210574 3399872 2 1 1 1 2 2 2 2 2 2 1 1 0 2 
499 16383 1 101443338 5232294 2 1 1 1 2 2 2 2 2 2 1 1 1 2 
edges 2731 
0 1 1 
0 2 1 
1 3 1 
2 3 1 
2 4 1 
3 5 1 
3 6 1 
3 7 1 
3 8 1 
3 9 1 
4 5 1 
4 10 0 
4 9 1 
4 8 1 
4 11 1 
5 12 1 
5 13 1 
5 14 1 
5 15 1 
5 16 1 
5 17 1 
5 18 1 
5 19 0 
5 20 1 
6 13 1 
6 15 1 
6 21 1 
6 17 1 
6 22 1 
7 14 1 
7 16 1 
7 21 1 
8 18 1 
8 19 0 
8 17 1 
8 14 1 
8 22 1 
8 23 1 
8 24 0 
8 25 1 
8 26 1 
9 19 0 
9 20 1 
9 22 1 
9 16 1 
9 13 1 
9 23 1 
9 24 0 
9 27 1 
9 28 1 
10 12 0 
10 19 0 
10 24 0 
10 29 0 
11 18 1 
11 29 0 
11 20 1 
11 27 1 
11 25 1 
11 30 0 
12 31 1 
12 32 1 
12 33 0 
13 31 1 
13 34 1 
13 35 1 
13 36 1 
13 37 1 
13 38 1 
13 39 0 
13 40 1 
14 32 1 
14 34 1 
14 41 1 
14 42 1 
14 43 1 
14 44 1 
14 45 0 
14 46 1 
15 31 1 
15 35 1 
15 41 1 
15 47 1 
16 32 1 
16 36 1 
16 42 1 
16 35 1 
16 48 1 
16 49 1 
16 45 0 
16 50 1 
17 31 1 
17 37 1 
17 43 1 
17 41 1 
17 48 1 
17 51 1 
17 52 0 
17 38 1 
18 33 0 
18 38 1 
18 44 1 
18 47 1 
18 49 1 
18 51 1 
18 53 1 
18 54 0 
18 55 0 
18 56 1 
19 33 0 
19 39 0 
19 45 0 
19 31 0 
19 52 0 
19 54 0 
19 57 0 
19 58 0 
20 33 0 
20 40 1 
20 46 1 
20 47 1 
20 50 1 
20 38 1 
20 59 1 
20 55 0 
20 57 0 
20 60 1 
21 34 1 
21 35 1 
21 61 1 
21 41 1 
21 48 1 
22 39 0 
22 47 1 
22 48 1 
22 34 1 
22 62 1 
22 52 0 
22 63 1 
22 64 1 
23 53 1 
23 45 0 
23 37 1 
23 42 1 
23 64 1 
23 65 0 
23 59 1 
23 62 1 
24 54 0 
24 57 0 
24 52 0 
24 32 0 
24 39 0 
24 65 0 
24 66 0 
24 58 0 
25 55 0 
25 54 0 
25 51 1 
25 46 1 
25 63 1 
25 67 1 
25 68 1 
25 59 1 
25 66 0 
25 56 1 
26 56 1 
26 58 0 
26 43 1 
26 62 1 
27 57 0 
27 55 0 
27 63 1 
27 49 1 
27 40 1 
27 53 1 
27 68 1 
27 69 1 
27 66 0 
27 60 1 
28 58 0 
28 60 1 
28 64 1 
28 36 1 
29 33 0 
29 54 0 
29 57 0 
29 66 0 
29 70 0 
30 55 0 
30 70 0 
31 71 1 
31 72 1 
31 73 1 
31 74 1 
31 75 1 
31 76 0 
31 77 0 
32 71 1 
32 74 1 
32 78 1 
32 73 1 
32 79 0 
32 80 0 
32 81 0 
33 75 0 
33 79 0 
33 77 0 
33 81 0 
33 76 0 
33 80 0 
33 82 0 
33 83 0 
34 71 1 
34 84 1 
34 85 1 
34 86 1 
34 87 1 
34 88 0 
34 89 1 
35 72 1 
35 84 1 
35 90 1 
35 91 1 
35 92 1 
35 71 1 
35 93 1 
36 73 1 
36 85 1 
36 90 1 
36 94 1 
36 95 1 
36 96 0 
36 97 1 
37 72 1 
37 86 1 
37 91 1 
37 94 1 
37 98 1 
37 99 0 
37 100 1 
38 75 1 
38 87 1 
38 92 1 
38 95 1 
38 98 1 
38 100 1 
38 101 0 
38 102 0 
38 103 1 
39 76 0 
39 88 0 
39 71 0 
39 96 0 
39 99 0 
39 101 0 
39 104 0 
39 105 0 
40 77 0 
40 89 1 
40 93 1 
40 97 1 
40 100 1 
40 106 1 
40 102 0 
40 104 0 
40 107 1 
41 74 1 
41 84 1 
41 91 1 
41 108 1 
41 87 1 
41 72 1 
41 109 1 
42 78 1 
42 85 1 
42 91 1 
42 110 1 
42 111 1 
42 112 0 
42 113 1 
43 73 1 
43 86 1 
43 108 1 
43 110 1 
43 114 1 
43 115 0 
43 103 1 
44 79 0 
44 87 1 
44 111 1 
44 114 1 
44 116 0 
45 80 0 
45 88 0 
45 72 0 
45 112 0 
45 115 0 
45 79 0 
45 117 0 
45 96 0 
46 81 0 
46 89 1 
46 109 1 
46 113 1 
46 103 1 
46 118 1 
46 116 0 
46 117 0 
46 119 1 
47 77 0 
47 92 1 
47 87 1 
47 93 1 
47 109 1 
47 120 1 
47 76 0 
47 121 0 
47 122 1 
48 74 1 
48 94 1 
48 110 1 
48 84 1 
48 123 1 
48 88 0 
48 92 1 
49 81 0 
49 95 1 
49 111 1 
49 93 1 
49 123 1 
49 124 1 
49 117 0 
49 125 0 
49 126 1 
50 80 0 
50 97 1 
50 113 1 
50 92 1 
50 125 0 
51 76 0 
51 98 1 
51 114 1 
51 109 1 
51 123 1 
51 127 1 
51 128 0 
51 102 0 
51 129 1 
52 77 0 
52 99 0 
52 115 0 
52 74 0 
52 88 0 
52 128 0 
52 101 0 
52 130 0 
53 80 0 
53 100 1 
53 111 1 
53 120 1 
53 124 1 
53 127 1 
53 131 0 
53 132 0 
53 133 1 
54 82 0 
54 101 0 
54 79 0 
54 76 0 
54 117 0 
54 128 0 
54 131 0 
54 134 0 
54 135 0 
55 82 0 
55 102 0 
55 116 0 
55 121 0 
55 125 0 
55 132 0 
55 134 0 
55 136 0 
56 83 0 
56 103 1 
56 114 1 
56 122 1 
56 126 1 
56 129 1 
56 133 1 
56 135 0 
56 136 0 
57 82 0 
57 104 0 
57 117 0 
57 77 0 
57 80 0 
57 101 0 
57 137 0 
57 134 0 
57 138 0 
58 83 0 
58 105 0 
58 96 0 
58 73 0 
58 115 0 
58 130 0 
58 135 0 
58 138 0 
59 79 0 
59 106 1 
59 118 1 
59 122 1 
59 113 1 
59 98 1 
59 132 0 
59 137 0 
59 139 1 
60 83 0 
60 107 1 
60 119 1 
60 120 1 
60 97 1 
60 95 1 
60 139 1 
60 136 0 
60 138 0 
61 84 1 
62 96 0 
62 122 1 
62 110 1 
62 86 1 
62 130 0 
62 133 1 
62 140 1 
63 104 0 
63 121 0 
63 123 1 
63 89 1 
63 133 1 
63 141 1 
63 142 1 
63 128 0 
63 139 1 
64 105 0 
64 120 1 
64 94 1 
64 85 1 
64 140 1 
64 115 0 
64 139 1 
65 131 0 
65 117 0 
65 99 0 
65 78 0 
65 105 0 
65 143 0 
65 137 0 
65 130 0 
66 134 0 
66 128 0 
66 81 0 
66 104 0 
66 131 0 
66 144 0 
66 137 0 
66 83 0 
67 125 0 
67 131 0 
67 129 1 
67 118 1 
67 141 1 
68 102 0 
68 101 0 
68 127 1 
68 119 1 
68 142 1 
68 141 1 
68 106 1 
68 144 0 
68 126 1 
69 137 0 
69 116 0 
69 142 1 
69 124 1 
69 107 1 
70 82 0 
70 134 0 
70 145 0 
71 146 1 
71 147 1 
71 148 1 
71 149 1 
71 150 1 
71 151 0 
71 152 0 
72 146 1 
72 148 1 
72 153 1 
72 154 1 
72 155 1 
72 150 1 
72 156 0 
73 147 1 
73 148 1 
73 154 1 
73 157 1 
73 158 1 
73 159 0 
73 160 0 
74 149 1 
74 154 1 
74 157 1 
74 146 1 
74 155 1 
74 161 0 
74 162 0 
75 150 1 
75 155 1 
75 158 1 
75 163 0 
76 151 0 
76 150 0 
76 159 0 
76 156 0 
76 161 0 
76 163 0 
76 164 0 
76 165 0 
77 152 0 
77 156 0 
77 160 0 
77 155 0 
77 162 0 
77 163 0 
77 164 0 
77 166 0 
78 147 1 
78 149 1 
78 157 1 
78 167 1 
78 168 0 
78 169 0 
78 170 0 
79 150 0 
79 162 0 
79 168 0 
79 159 0 
79 169 0 
79 171 0 
79 172 0 
79 173 0 
80 151 0 
80 155 0 
80 169 0 
80 160 0 
80 170 0 
80 171 0 
80 174 0 
80 175 0 
81 152 0 
81 161 0 
81 170 0 
81 158 0 
81 168 0 
81 172 0 
81 174 0 
81 176 0 
82 163 0 
82 171 0 
82 172 0 
82 164 0 
82 174 0 
82 177 0 
82 178 0 
83 158 0 
83 173 0 
83 166 0 
83 176 0 
83 165 0 
83 175 0 
83 178 0 
84 146 1 
84 179 1 
84 180 1 
84 181 1 
84 182 1 
85 147 1 
85 179 1 
85 183 1 
85 184 1 
85 185 0 
85 186 1 
86 148 1 
86 180 1 
86 183 1 
86 187 1 
86 188 0 
86 189 1 
87 150 1 
87 181 1 
87 184 1 
87 187 1 
87 190 1 
87 162 0 
87 191 0 
87 192 1 
88 151 0 
88 146 0 
88 185 0 
88 188 0 
88 162 0 
88 193 0 
88 194 0 
89 152 0 
89 182 1 
89 186 1 
89 189 1 
89 195 1 
89 191 0 
89 193 0 
89 196 1 
90 148 1 
90 179 1 
90 197 1 
91 153 1 
91 180 1 
91 179 1 
91 198 1 
91 149 1 
91 190 1 
92 155 1 
92 181 1 
92 197 1 
92 198 1 
92 199 1 
92 151 0 
92 200 0 
92 201 1 
93 156 0 
93 182 1 
93 197 1 
93 190 1 
93 202 1 
93 200 0 
93 152 0 
93 203 1 
94 154 1 
94 183 1 
94 179 1 
94 204 1 
94 194 0 
94 199 1 
95 158 1 
95 184 1 
95 197 1 
95 204 1 
95 205 1 
95 206 0 
95 207 0 
95 208 1 
96 159 0 
96 185 0 
96 148 0 
96 194 0 
96 206 0 
96 175 0 
96 209 0 
97 160 0 
97 186 1 
97 197 1 
97 199 1 
97 210 1 
97 207 0 
97 175 0 
97 211 1 
98 150 1 
98 187 1 
98 198 1 
98 204 1 
98 212 1 
98 213 0 
98 214 0 
98 215 1 
99 156 0 
99 188 0 
99 149 0 
99 194 0 
99 213 0 
99 216 0 
99 217 0 
100 155 1 
100 189 1 
100 190 1 
100 199 1 
100 212 1 
100 214 0 
100 216 0 
100 205 1 
101 163 0 
101 162 0 
101 151 0 
101 206 0 
101 213 0 
101 216 0 
101 218 0 
101 219 0 
102 163 0 
102 191 0 
102 200 0 
102 207 0 
102 214 0 
102 218 0 
102 220 0 
103 158 1 
103 192 1 
103 201 1 
103 208 1 
103 215 1 
103 189 1 
103 219 0 
103 220 0 
104 164 0 
104 193 0 
104 152 0 
104 175 0 
104 216 0 
104 221 0 
104 218 0 
104 222 0 
105 165 0 
105 194 0 
105 147 0 
105 209 0 
105 217 0 
105 219 0 
105 222 0 
106 162 0 
106 195 1 
106 202 1 
106 210 1 
106 212 1 
106 214 0 
106 221 0 
106 223 1 
107 166 0 
107 196 1 
107 203 1 
107 211 1 
107 205 1 
107 223 1 
107 220 0 
107 222 0 
108 154 1 
108 180 1 
108 192 1 
109 161 0 
109 182 1 
109 198 1 
109 192 1 
109 224 1 
109 191 0 
109 156 0 
109 225 1 
110 157 1 
110 183 1 
110 180 1 
110 226 1 
110 185 0 
110 201 1 
111 168 0 
111 184 1 
111 190 1 
111 226 1 
111 227 1 
111 169 0 
111 228 0 
111 229 1 
112 169 0 
112 185 0 
112 153 0 
113 170 0 
113 186 1 
113 198 1 
113 201 1 
113 230 1 
113 228 0 
113 169 0 
113 210 1 
114 159 0 
114 187 1 
114 192 1 
114 226 1 
114 229 1 
114 173 0 
114 220 0 
114 231 1 
115 160 0 
115 188 0 
115 154 0 
115 185 0 
115 173 0 
115 219 0 
115 209 0 
116 172 0 
116 191 0 
116 228 0 
116 220 0 
117 174 0 
117 193 0 
117 156 0 
117 169 0 
117 219 0 
117 232 0 
117 172 0 
117 206 0 
118 168 0 
118 195 1 
118 224 1 
118 230 1 
118 215 1 
118 228 0 
118 232 0 
118 233 1 
119 176 0 
119 196 1 
119 225 1 
119 210 1 
119 208 1 
119 233 1 
119 220 0 
119 206 0 
120 160 0 
120 199 1 
120 184 1 
120 203 1 
120 225 1 
120 165 0 
120 234 0 
120 235 1 
121 164 0 
121 200 0 
121 191 0 
121 234 0 
122 166 0 
122 201 1 
122 187 1 
122 202 1 
122 224 1 
122 235 1 
122 159 0 
122 234 0 
123 161 0 
123 204 1 
123 226 1 
123 182 1 
123 236 1 
123 193 0 
123 200 0 
123 237 1 
124 170 0 
124 205 1 
124 227 1 
124 203 1 
124 236 1 
124 232 0 
124 228 0 
124 238 1 
125 174 0 
125 207 0 
125 228 0 
125 200 0 
126 176 0 
126 208 1 
126 229 1 
126 202 1 
126 237 1 
126 238 1 
126 219 0 
126 207 0 
127 151 0 
127 212 1 
127 229 1 
127 225 1 
127 236 1 
127 239 0 
127 214 0 
127 240 1 
128 164 0 
128 213 0 
128 173 0 
128 161 0 
128 193 0 
128 239 0 
128 218 0 
128 241 0 
129 165 0 
129 215 1 
129 231 1 
129 224 1 
129 237 1 
129 240 1 
129 241 0 
129 207 0 
130 166 0 
130 217 0 
130 209 0 
130 157 0 
130 188 0 
130 241 0 
130 206 0 
131 174 0 
131 216 0 
131 168 0 
131 165 0 
131 232 0 
131 239 0 
131 242 0 
131 241 0 
132 171 0 
132 214 0 
132 228 0 
132 234 0 
132 242 0 
133 175 0 
133 189 1 
133 226 1 
133 235 1 
133 238 1 
133 240 1 
133 241 0 
133 234 0 
134 177 0 
134 218 0 
134 172 0 
134 164 0 
134 174 0 
134 242 0 
134 178 0 
135 178 0 
135 219 0 
135 159 0 
135 241 0 
136 178 0 
136 220 0 
136 234 0 
136 207 0 
137 172 0 
137 221 0 
137 232 0 
137 166 0 
137 170 0 
137 213 0 
137 242 0 
137 222 0 
138 178 0 
138 222 0 
138 206 0 
138 160 0 
139 173 0 
139 223 1 
139 233 1 
139 235 1 
139 186 1 
139 204 1 
139 234 0 
139 222 0 
140 209 0 
140 235 1 
140 183 1 
141 216 0 
141 200 0 
141 237 1 
141 195 1 
141 240 1 
141 243 1 
141 239 0 
141 233 1 
142 221 0 
142 191 0 
142 236 1 
142 196 1 
142 238 1 
142 243 1 
142 213 0 
142 223 1 
143 232 0 
143 217 0 
143 167 0 
144 218 0 
144 239 0 
144 176 0 
144 221 0 
145 177 0 
146 244 1 
146 245 1 
146 246 1 
146 247 1 
146 248 0 
147 244 1 
147 249 1 
147 250 1 
147 251 1 
147 252 0 
147 253 0 
148 245 1 
148 249 1 
148 244 1 
148 254 1 
148 255 0 
148 256 1 
149 246 1 
149 250 1 
149 244 1 
149 257 1 
149 258 0 
149 259 0 
150 247 1 
150 251 1 
150 254 1 
150 257 1 
150 260 0 
150 261 0 
150 262 1 
151 247 0 
151 252 0 
151 255 0 
151 258 0 
151 260 0 
151 263 0 
151 264 0 
152 248 0 
152 253 0 
152 256 0 
152 259 0 
152 261 0 
152 263 0 
152 265 0 
153 245 1 
153 257 1 
154 246 1 
154 249 1 
154 245 1 
154 266 1 
154 262 1 
154 267 0 
155 247 1 
155 256 1 
155 257 1 
155 266 1 
155 260 0 
155 268 0 
155 269 1 
156 248 0 
156 255 0 
156 257 0 
156 267 0 
156 268 0 
156 261 0 
156 270 0 
157 250 1 
157 249 1 
157 246 1 
157 269 1 
157 271 0 
157 272 0 
158 251 1 
158 256 1 
158 262 1 
158 269 1 
158 273 0 
158 274 0 
158 275 1 
159 252 0 
159 254 0 
159 267 0 
159 271 0 
159 273 0 
159 276 0 
159 277 0 
160 253 0 
160 255 0 
160 266 0 
160 272 0 
160 274 0 
160 276 0 
160 278 0 
161 258 0 
161 262 0 
161 271 0 
161 248 0 
161 268 0 
161 279 0 
161 280 0 
162 259 0 
162 267 0 
162 272 0 
162 247 0 
162 260 0 
162 279 0 
162 281 0 
163 260 0 
163 273 0 
163 261 0 
163 268 0 
163 282 0 
163 274 0 
164 263 0 
164 261 0 
164 276 0 
164 268 0 
164 279 0 
164 282 0 
164 283 0 
165 264 0 
165 251 0 
165 277 0 
165 270 0 
165 280 0 
165 274 0 
165 283 0 
166 265 0 
166 270 0 
166 278 0 
166 269 0 
166 281 0 
166 273 0 
166 283 0 
167 250 1 
167 284 0 
168 251 0 
168 259 0 
168 271 0 
168 284 0 
168 285 0 
168 286 0 
168 287 0 
169 252 0 
169 257 0 
169 272 0 
169 284 0 
169 285 0 
169 288 0 
170 253 0 
170 258 0 
170 269 0 
170 284 0 
170 286 0 
170 285 0 
170 289 0 
171 260 0 
171 285 0 
171 276 0 
171 290 0 
172 261 0 
172 279 0 
172 286 0 
172 273 0 
172 285 0 
172 290 0 
172 291 0 
173 262 0 
173 281 0 
173 287 0 
173 277 0 
173 288 0 
173 276 0 
173 291 0 
174 263 0 
174 268 0 
174 285 0 
174 274 0 
174 286 0 
174 290 0 
174 292 0 
175 264 0 
175 256 0 
175 288 0 
175 278 0 
175 289 0 
175 276 0 
175 292 0 
176 265 0 
176 280 0 
176 289 0 
176 275 0 
176 287 0 
176 291 0 
176 292 0 
177 282 0 
177 290 0 
177 293 0 
178 274 0 
178 276 0 
178 273 0 
178 291 0 
178 283 0 
178 292 0 
178 293 0 
179 244 1 
179 294 1 
179 295 1 
179 245 1 
179 296 1 
180 245 1 
180 294 1 
180 297 1 
180 246 1 
180 298 1 
181 247 1 
181 295 1 
181 297 1 
181 299 0 
182 248 0 
182 296 1 
182 298 1 
182 300 1 
182 299 0 
182 301 1 
183 249 1 
183 294 1 
183 302 1 
183 303 0 
183 304 1 
184 251 1 
184 295 1 
184 302 1 
184 305 1 
184 272 0 
184 306 0 
184 307 1 
185 252 0 
185 245 0 
185 303 0 
185 272 0 
185 288 0 
186 253 0 
186 296 1 
186 304 1 
186 308 1 
186 306 0 
186 288 0 
186 309 1 
187 254 1 
187 297 1 
187 302 1 
187 310 1 
187 281 0 
187 311 0 
187 312 1 
188 255 0 
188 246 0 
188 303 0 
188 281 0 
188 313 0 
188 314 0 
189 256 1 
189 298 1 
189 304 1 
189 315 1 
189 311 0 
189 313 0 
189 316 1 
190 257 1 
190 295 1 
190 305 1 
190 310 1 
190 259 0 
190 317 0 
190 298 1 
191 261 0 
191 299 0 
191 306 0 
191 311 0 
191 317 0 
191 279 0 
191 318 0 
192 262 1 
192 297 1 
192 307 1 
192 312 1 
192 298 1 
192 267 0 
192 318 0 
193 263 0 
193 248 0 
193 288 0 
193 313 0 
193 319 0 
193 279 0 
193 320 0 
194 264 0 
194 244 0 
194 303 0 
194 314 0 
194 267 0 
194 320 0 
195 259 0 
195 300 1 
195 308 1 
195 315 1 
195 317 0 
195 319 0 
195 321 1 
196 265 0 
196 301 1 
196 309 1 
196 316 1 
196 321 1 
196 318 0 
196 320 0 
197 256 1 
197 295 1 
197 296 1 
197 322 1 
197 255 0 
197 323 0 
197 324 1 
198 257 1 
198 297 1 
198 296 1 
198 325 1 
198 258 0 
198 317 0 
198 326 1 
199 266 1 
199 295 1 
199 322 1 
199 325 1 
199 264 0 
199 327 0 
199 304 1 
200 268 0 
200 299 0 
200 323 0 
200 317 0 
200 327 0 
200 263 0 
200 328 0 
201 269 1 
201 297 1 
201 324 1 
201 326 1 
201 304 1 
201 252 0 
201 328 0 
202 267 0 
202 300 1 
202 324 1 
202 310 1 
202 327 0 
202 265 0 
202 329 1 
203 270 0 
203 301 1 
203 322 1 
203 305 1 
203 329 1 
203 328 0 
203 253 0 
204 262 1 
204 302 1 
204 296 1 
204 330 1 
204 320 0 
204 327 0 
204 331 1 
205 269 1 
205 305 1 
205 322 1 
205 330 1 
205 332 0 
205 333 0 
205 316 1 
206 273 0 
206 272 0 
206 255 0 
206 320 0 
206 332 0 
206 292 0 
206 334 0 
207 274 0 
207 306 0 
207 323 0 
207 327 0 
207 333 0 
207 292 0 
207 335 0 
208 275 1 
208 307 1 
208 324 1 
208 331 1 
208 316 1 
208 334 0 
208 335 0 
209 277 0 
209 303 0 
209 249 0 
209 314 0 
209 334 0 
209 278 0 
210 272 0 
210 308 1 
210 324 1 
210 325 1 
210 333 0 
210 289 0 
210 309 1 
211 278 0 
211 309 1 
211 322 1 
211 335 0 
212 247 1 
212 310 1 
212 325 1 
212 330 1 
212 336 0 
212 337 0 
212 315 1 
213 261 0 
213 281 0 
213 258 0 
213 320 0 
213 336 0 
213 338 0 
213 339 0 
214 260 0 
214 311 0 
214 317 0 
214 327 0 
214 337 0 
214 338 0 
214 333 0 
215 251 1 
215 312 1 
215 326 1 
215 331 1 
215 315 1 
215 339 0 
215 333 0 
216 268 0 
216 313 0 
216 259 0 
216 264 0 
216 336 0 
216 338 0 
216 332 0 
217 270 0 
217 314 0 
217 250 0 
217 339 0 
217 332 0 
218 282 0 
218 279 0 
218 263 0 
218 292 0 
218 338 0 
218 291 0 
219 274 0 
219 267 0 
219 252 0 
219 334 0 
219 339 0 
219 313 0 
219 291 0 
220 273 0 
220 318 0 
220 328 0 
220 335 0 
220 333 0 
220 311 0 
220 291 0 
221 279 0 
221 319 0 
221 265 0 
221 289 0 
221 336 0 
221 338 0 
221 340 0 
222 283 0 
222 320 0 
222 253 0 
222 278 0 
222 332 0 
222 340 0 
222 291 0 
223 281 0 
223 321 1 
223 329 1 
223 309 1 
223 330 1 
223 311 0 
223 340 0 
224 271 0 
224 300 1 
224 326 1 
224 312 1 
224 306 0 
224 270 0 
224 341 1 
225 280 0 
225 301 1 
225 325 1 
225 307 1 
225 341 1 
225 311 0 
225 255 0 
226 271 0 
226 302 1 
226 298 1 
226 342 1 
226 288 0 
226 328 0 
226 343 1 
227 284 0 
227 305 1 
227 342 1 
227 344 0 
228 286 0 
228 306 0 
228 317 0 
228 328 0 
228 344 0 
228 285 0 
228 333 0 
229 287 0 
229 307 1 
229 310 1 
229 343 1 
229 342 1 
229 252 0 
229 333 0 
230 284 0 
230 308 1 
230 326 1 
230 344 0 
231 277 0 
231 312 1 
231 343 1 
231 335 0 
232 286 0 
232 319 0 
232 270 0 
232 284 0 
232 339 0 
232 332 0 
233 287 0 
233 321 1 
233 341 1 
233 308 1 
233 331 1 
233 328 0 
233 332 0 
234 276 0 
234 327 0 
234 306 0 
234 328 0 
234 311 0 
234 283 0 
234 345 0 
235 278 0 
235 304 1 
235 302 1 
235 329 1 
235 341 1 
235 277 0 
235 345 0 
236 258 0 
236 330 1 
236 342 1 
236 301 1 
236 319 0 
236 317 0 
236 346 1 
237 280 0 
237 331 1 
237 343 1 
237 300 1 
237 346 1 
237 313 0 
237 323 0 
238 289 0 
238 316 1 
238 342 1 
238 329 1 
238 346 1 
238 339 0 
238 306 0 
239 263 0 
239 336 0 
239 287 0 
239 280 0 
239 319 0 
239 338 0 
239 347 0 
240 264 0 
240 315 1 
240 343 1 
240 341 1 
240 346 1 
240 347 0 
240 327 0 
241 283 0 
241 339 0 
241 277 0 
241 271 0 
241 313 0 
241 347 0 
241 292 0 
242 290 0 
242 338 0 
242 286 0 
242 283 0 
243 336 0 
243 299 0 
243 346 1 
243 321 1 
244 348 1 
244 349 1 
244 350 1 
244 351 1 
244 352 0 
245 348 1 
245 351 1 
245 353 1 
245 354 1 
246 349 1 
246 348 1 
246 353 1 
246 355 1 
246 356 0 
247 350 1 
247 351 1 
247 353 1 
247 357 1 
247 358 0 
247 355 1 
248 352 0 
248 354 0 
248 356 0 
248 358 0 
248 359 0 
249 348 1 
249 349 1 
249 360 1 
249 361 0 
249 362 1 
250 349 1 
250 363 1 
250 364 0 
250 365 0 
251 350 1 
251 360 1 
251 363 1 
251 366 0 
251 367 0 
251 368 1 
252 351 0 
252 361 0 
252 364 0 
252 366 0 
252 369 0 
252 370 0 
253 352 0 
253 362 0 
253 365 0 
253 367 0 
253 369 0 
253 371 0 
254 351 1 
254 360 1 
254 372 0 
255 353 0 
255 361 0 
255 352 0 
255 372 0 
255 373 0 
255 374 0 
256 354 1 
256 362 1 
256 350 1 
256 372 0 
256 373 0 
256 375 1 
257 353 1 
257 363 1 
257 351 1 
257 376 0 
257 354 1 
258 355 0 
258 364 0 
258 352 0 
258 376 0 
258 377 0 
258 378 0 
259 356 0 
259 365 0 
259 350 0 
259 376 0 
259 377 0 
259 379 0 
260 357 0 
260 366 0 
260 372 0 
260 376 0 
260 380 0 
260 381 0 
261 358 0 
261 367 0 
261 372 0 
261 376 0 
261 380 0 
261 382 0 
262 355 1 
262 368 1 
262 360 1 
262 354 1 
262 381 0 
262 382 0 
263 358 0 
263 369 0 
263 373 0 
263 377 0 
263 380 0 
263 383 0 
264 350 0 
264 370 0 
264 374 0 
264 378 0 
264 381 0 
264 383 0 
265 359 0 
265 371 0 
265 375 0 
265 379 0 
265 382 0 
265 383 0 
266 353 1 
266 362 1 
266 381 0 
267 356 0 
267 361 0 
267 351 0 
267 381 0 
267 382 0 
267 384 0 
268 358 0 
268 373 0 
268 376 0 
268 381 0 
268 380 0 
268 385 0 
269 355 1 
269 375 1 
269 363 1 
269 362 1 
269 366 0 
269 385 0 
270 359 0 
270 374 0 
270 363 0 
270 384 0 
270 385 0 
270 367 0 
271 364 0 
271 360 0 
271 356 0 
271 385 0 
271 386 0 
271 387 0 
272 365 0 
272 361 0 
272 353 0 
272 366 0 
272 386 0 
272 388 0 
273 366 0 
273 372 0 
273 382 0 
273 385 0 
273 389 0 
273 390 0 
274 367 0 
274 373 0 
274 381 0 
274 366 0 
274 389 0 
274 390 0 
275 368 1 
275 375 1 
275 390 0 
276 369 0 
276 372 0 
276 381 0 
276 386 0 
276 389 0 
276 391 0 
277 370 0 
277 360 0 
277 384 0 
277 387 0 
277 390 0 
277 391 0 
278 371 0 
278 374 0 
278 362 0 
278 388 0 
278 390 0 
278 391 0 
279 377 0 
279 382 0 
279 386 0 
279 358 0 
279 380 0 
279 392 0 
280 378 0 
280 368 0 
280 387 0 
280 359 0 
280 373 0 
280 392 0 
281 379 0 
281 384 0 
281 388 0 
281 355 0 
281 372 0 
281 392 0 
282 380 0 
282 389 0 
283 383 0 
283 367 0 
283 391 0 
283 385 0 
283 392 0 
283 389 0 
284 363 0 
284 365 0 
284 364 0 
284 393 0 
284 394 0 
285 366 0 
285 376 0 
285 386 0 
285 393 0 
285 395 0 
285 369 0 
286 367 0 
286 377 0 
286 385 0 
286 393 0 
286 395 0 
286 396 0 
287 368 0 
287 379 0 
287 387 0 
287 394 0 
287 369 0 
287 396 0 
288 370 0 
288 354 0 
288 388 0 
288 394 0 
288 369 0 
288 386 0 
289 371 0 
289 378 0 
289 375 0 
289 394 0 
289 396 0 
289 386 0 
290 380 0 
290 395 0 
290 389 0 
291 382 0 
291 392 0 
291 396 0 
291 390 0 
291 369 0 
291 389 0 
292 383 0 
292 373 0 
292 386 0 
292 390 0 
292 396 0 
292 389 0 
293 389 0 
294 348 1 
294 397 1 
295 350 1 
295 397 1 
295 398 1 
295 353 1 
295 399 0 
295 400 1 
296 352 0 
296 397 1 
296 401 1 
296 399 0 
296 354 1 
296 402 1 
297 351 1 
297 397 1 
297 400 1 
297 355 1 
297 403 0 
297 404 1 
298 354 1 
298 397 1 
298 405 1 
298 403 0 
298 356 0 
298 406 1 
299 358 0 
299 399 0 
299 403 0 
300 356 0 
300 401 1 
300 405 1 
300 399 0 
300 359 0 
300 407 1 
301 359 0 
301 402 1 
301 406 1 
301 407 1 
301 403 0 
301 352 0 
302 360 1 
302 397 1 
302 408 1 
302 388 0 
302 409 0 
302 410 1 
303 361 0 
303 348 0 
303 388 0 
303 370 0 
303 411 0 
304 362 1 
304 397 1 
304 412 1 
304 409 0 
304 370 0 
304 413 1 
305 363 1 
305 398 1 
305 408 1 
305 365 0 
305 414 0 
305 406 1 
306 367 0 
306 399 0 
306 409 0 
306 414 0 
306 386 0 
306 415 0 
307 368 1 
307 400 1 
307 410 1 
307 406 1 
307 361 0 
307 415 0 
308 365 0 
308 401 1 
308 412 1 
308 414 0 
308 394 0 
308 416 1 
309 371 0 
309 402 1 
309 413 1 
309 416 1 
309 415 0 
309 388 0 
310 351 1 
310 400 1 
310 408 1 
310 379 0 
310 417 0 
310 405 1 
311 372 0 
311 403 0 
311 409 0 
311 417 0 
311 392 0 
311 415 0 
312 360 1 
312 404 1 
312 410 1 
312 405 1 
312 384 0 
312 415 0 
313 373 0 
313 356 0 
313 370 0 
313 418 0 
313 392 0 
313 419 0 
314 374 0 
314 349 0 
314 411 0 
314 384 0 
314 419 0 
315 350 1 
315 405 1 
315 412 1 
315 417 0 
315 418 0 
315 420 1 
316 375 1 
316 406 1 
316 413 1 
316 420 1 
316 415 0 
316 419 0 
317 376 0 
317 399 0 
317 414 0 
317 417 0 
317 377 0 
317 403 0 
318 382 0 
318 403 0 
318 415 0 
319 377 0 
319 359 0 
319 394 0 
319 418 0 
319 421 0 
320 383 0 
320 352 0 
320 388 0 
320 419 0 
320 421 0 
320 382 0 
321 379 0 
321 407 1 
321 416 1 
321 420 1 
321 403 0 
321 421 0 
322 362 1 
322 398 1 
322 402 1 
322 374 0 
322 422 0 
322 413 1 
323 373 0 
323 399 0 
323 422 0 
324 375 1 
324 400 1 
324 401 1 
324 413 1 
324 361 0 
324 422 0 
325 353 1 
325 400 1 
325 402 1 
325 378 0 
325 417 0 
325 412 1 
326 363 1 
326 404 1 
326 401 1 
326 412 1 
326 364 0 
326 414 0 
327 381 0 
327 399 0 
327 422 0 
327 417 0 
327 383 0 
327 409 0 
328 385 0 
328 403 0 
328 422 0 
328 414 0 
328 409 0 
328 369 0 
329 384 0 
329 407 1 
329 413 1 
329 408 1 
329 409 0 
329 371 0 
330 355 1 
330 408 1 
330 402 1 
330 421 0 
330 417 0 
330 420 1 
331 368 1 
331 410 1 
331 401 1 
331 420 1 
331 419 0 
331 422 0 
332 385 0 
332 365 0 
332 374 0 
332 421 0 
332 396 0 
332 419 0 
333 366 0 
333 414 0 
333 422 0 
333 417 0 
333 396 0 
333 415 0 
334 390 0 
334 361 0 
334 419 0 
335 390 0 
335 415 0 
335 422 0 
336 358 0 
336 379 0 
336 378 0 
336 421 0 
336 423 0 
336 418 0 
337 357 0 
337 417 0 
337 423 0 
338 380 0 
338 392 0 
338 377 0 
338 383 0 
338 423 0 
338 396 0 
339 367 0 
339 384 0 
339 364 0 
339 419 0 
339 418 0 
339 396 0 
340 392 0 
340 421 0 
340 371 0 
341 387 0 
341 407 1 
341 412 1 
341 410 1 
341 409 0 
341 374 0 
342 364 0 
342 408 1 
342 406 1 
342 394 0 
342 414 0 
342 424 1 
343 387 0 
343 410 1 
343 405 1 
343 424 1 
343 370 0 
343 422 0 
344 393 0 
344 414 0 
345 391 0 
345 409 0 
346 378 0 
346 420 1 
346 424 1 
346 407 1 
346 418 0 
346 399 0 
347 383 0 
347 418 0 
347 387 0 
348 425 1 
348 426 1 
348 427 1 
348 428 1 
349 425 1 
349 429 1 
349 430 1 
349 431 0 
350 426 1 
350 429 1 
350 432 1 
350 433 0 
350 434 1 
351 427 1 
351 430 1 
351 432 1 
351 435 0 
351 426 1 
352 428 0 
352 431 0 
352 433 0 
352 435 0 
352 436 0 
353 427 1 
353 428 1 
353 432 1 
353 437 0 
353 429 1 
354 428 1 
354 426 1 
354 435 0 
354 437 0 
354 438 1 
355 430 1 
355 428 1 
355 432 1 
355 439 0 
355 434 1 
356 431 0 
356 426 0 
356 437 0 
356 439 0 
356 440 0 
357 432 1 
357 441 0 
358 433 0 
358 435 0 
358 437 0 
358 441 0 
358 439 0 
359 436 0 
359 438 0 
359 440 0 
359 439 0 
359 433 0 
360 426 1 
360 430 1 
360 442 0 
360 443 0 
360 444 1 
361 427 0 
361 431 0 
361 442 0 
361 445 0 
361 446 0 
362 428 1 
362 429 1 
362 443 0 
362 445 0 
362 447 1 
363 429 1 
363 430 1 
363 448 0 
363 438 1 
364 430 0 
364 431 0 
364 448 0 
364 449 0 
364 450 0 
365 431 0 
365 429 0 
365 448 0 
365 449 0 
365 451 0 
366 432 0 
366 442 0 
366 448 0 
366 452 0 
366 445 0 
367 433 0 
367 443 0 
367 448 0 
367 452 0 
367 453 0 
368 434 1 
368 444 1 
368 438 1 
368 445 0 
368 453 0 
369 435 0 
369 445 0 
369 449 0 
369 452 0 
369 454 0 
370 426 0 
370 446 0 
370 450 0 
370 445 0 
370 454 0 
371 436 0 
371 447 0 
371 451 0 
371 453 0 
371 454 0 
372 432 0 
372 442 0 
372 435 0 
372 455 0 
372 443 0 
373 437 0 
373 445 0 
373 433 0 
373 455 0 
373 456 0 
374 429 0 
374 446 0 
374 436 0 
374 443 0 
374 456 0 
375 438 1 
375 447 1 
375 434 1 
375 442 0 
375 456 0 
376 432 0 
376 448 0 
376 435 0 
376 457 0 
376 437 0 
377 439 0 
377 449 0 
377 433 0 
377 457 0 
377 458 0 
378 434 0 
378 450 0 
378 436 0 
378 437 0 
378 458 0 
379 440 0 
379 451 0 
379 434 0 
379 435 0 
379 458 0 
380 441 0 
380 452 0 
380 455 0 
380 457 0 
380 459 0 
381 432 0 
381 445 0 
381 443 0 
381 437 0 
381 459 0 
382 439 0 
382 453 0 
382 442 0 
382 435 0 
382 459 0 
383 433 0 
383 454 0 
383 456 0 
383 458 0 
383 459 0 
384 440 0 
384 446 0 
384 430 0 
384 443 0 
384 453 0 
385 439 0 
385 456 0 
385 448 0 
385 443 0 
385 452 0 
386 449 0 
386 442 0 
386 437 0 
386 452 0 
386 454 0 
387 450 0 
387 444 0 
387 440 0 
387 456 0 
387 454 0 
388 451 0 
388 446 0 
388 428 0 
388 442 0 
388 454 0 
389 452 0 
389 455 0 
389 459 0 
389 460 0 
390 445 0 
390 442 0 
390 453 0 
390 456 0 
390 460 0 
391 454 0 
391 443 0 
391 460 0 
392 458 0 
392 453 0 
392 454 0 
392 439 0 
392 455 0 
393 448 0 
393 449 0 
393 461 0 
394 438 0 
394 451 0 
394 450 0 
394 449 0 
395 452 0 
395 457 0 
395 461 0 
396 453 0 
396 458 0 
396 456 0 
396 449 0 
396 452 0 
397 426 1 
397 462 1 
397 428 1 
397 463 0 
397 464 1 
398 429 1 
398 462 1 
398 465 0 
399 433 0 
399 463 0 
399 465 0 
399 437 0 
399 466 0 
400 434 1 
400 464 1 
400 462 1 
400 427 1 
400 466 0 
401 431 0 
401 464 1 
401 465 0 
401 438 1 
401 467 1 
402 436 0 
402 462 1 
402 467 1 
402 466 0 
402 428 1 
403 435 0 
403 463 0 
403 466 0 
403 439 0 
403 468 0 
404 430 1 
404 464 1 
404 468 0 
405 426 1 
405 464 1 
405 466 0 
405 440 0 
405 469 1 
406 438 1 
406 462 1 
406 469 1 
406 468 0 
406 431 0 
407 440 0 
407 467 1 
407 469 1 
407 463 0 
407 436 0 
408 430 1 
408 462 1 
408 451 0 
408 470 0 
408 469 1 
409 443 0 
409 463 0 
409 470 0 
409 454 0 
409 471 0 
410 444 1 
410 464 1 
410 469 1 
410 446 0 
410 471 0 
411 446 0 
411 425 0 
412 429 1 
412 464 1 
412 470 0 
412 450 0 
412 467 1 
413 447 1 
413 462 1 
413 467 1 
413 471 0 
413 446 0 
414 448 0 
414 465 0 
414 470 0 
414 449 0 
414 468 0 
415 453 0 
415 466 0 
415 471 0 
415 468 0 
415 442 0 
416 451 0 
416 467 1 
416 468 0 
417 432 0 
417 466 0 
417 470 0 
417 458 0 
418 433 0 
418 440 0 
418 450 0 
418 458 0 
418 472 0 
419 456 0 
419 431 0 
419 446 0 
419 472 0 
419 453 0 
420 434 1 
420 469 1 
420 467 1 
420 466 0 
420 472 0 
421 458 0 
421 436 0 
421 451 0 
421 472 0 
421 439 0 
422 445 0 
422 465 0 
422 466 0 
422 456 0 
422 471 0 
423 441 0 
423 458 0 
424 450 0 
424 469 1 
424 465 0 
425 473 1 
426 473 1 
426 474 1 
426 475 0 
426 476 1 
427 473 1 
427 474 1 
428 473 1 
428 475 0 
428 474 1 
428 477 1 
429 473 1 
429 478 1 
429 479 0 
429 477 1 
430 473 1 
430 478 1 
430 480 0 
430 476 1 
431 473 0 
431 479 0 
431 480 0 
431 481 0 
432 474 1 
432 478 1 
432 482 0 
433 475 0 
433 479 0 
433 482 0 
433 483 0 
434 476 1 
434 477 1 
434 474 1 
434 483 0 
435 474 0 
435 480 0 
435 482 0 
435 475 0 
436 477 0 
436 481 0 
436 483 0 
436 475 0 
437 474 0 
437 475 0 
437 482 0 
437 479 0 
438 477 1 
438 476 1 
438 480 0 
438 479 0 
439 480 0 
439 475 0 
439 482 0 
439 483 0 
440 481 0 
440 476 0 
440 475 0 
440 483 0 
441 482 0 
442 474 0 
442 480 0 
442 484 0 
442 485 0 
443 475 0 
443 478 0 
443 484 0 
443 485 0 
444 476 1 
444 485 0 
445 474 0 
445 479 0 
445 484 0 
445 485 0 
446 473 0 
446 481 0 
446 485 0 
447 477 1 
447 485 0 
448 478 0 
448 480 0 
448 486 0 
448 479 0 
449 480 0 
449 479 0 
449 486 0 
449 487 0 
450 476 0 
450 481 0 
450 479 0 
450 487 0 
451 481 0 
451 477 0 
451 480 0 
451 487 0 
452 482 0 
452 484 0 
452 486 0 
453 483 0 
453 485 0 
453 480 0 
453 484 0 
454 475 0 
454 485 0 
454 487 0 
454 484 0 
455 482 0 
455 484 0 
456 479 0 
456 485 0 
456 483 0 
456 484 0 
457 482 0 
457 486 0 
458 483 0 
458 487 0 
458 482 0 
459 482 0 
459 484 0 
460 484 0 
461 486 0 
462 473 1 
462 477 1 
462 488 0 
462 489 1 
463 475 0 
463 488 0 
464 476 1 
464 489 1 
464 473 1 
464 488 0 
465 479 0 
465 488 0 
466 483 0 
466 488 0 
466 474 0 
467 481 0 
467 489 1 
467 488 0 
467 477 1 
468 480 0 
468 488 0 
469 476 1 
469 489 1 
469 488 0 
469 481 0 
470 478 0 
470 488 0 
470 487 0 
471 485 0 
471 488 0 
472 483 0 
472 481 0 
473 490 1 
473 491 1 
474 490 1 
474 492 0 
475 490 0 
475 492 0 
475 493 0 
476 491 1 
476 490 1 
476 493 0 
477 491 1 
477 493 0 
477 490 1 
478 490 1 
478 494 0 
479 490 0 
479 494 0 
479 493 0 
480 490 0 
480 494 0 
480 493 0 
481 491 0 
481 493 0 
482 492 0 
482 494 0 
483 493 0 
483 492 0 
484 492 0 
484 494 0 
484 495 0 
485 490 0 
485 493 0 
485 495 0 
486 494 0 
487 493 0 
487 494 0 
488 490 0 
488 493 0 
488 496 0 
489 491 1 
489 496 0 
490 497 1 
490 498 1 
491 498 1 
492 497 0 
493 498 0 
493 497 0 
494 497 0 
495 497 0 
496 498 0 
497 499 1 
498 499 1 
