deltoidal_icositetrahedron
24 48 26
1 3
1 0 1 3 5
1 0 2 0 6
1 0 7 3 1
1 0 2 4 0
1 0 3 8 9
1 0 0 10 11
1 0 13 1 12
1 0 15 2 14
1 0 4 15 16
1 0 4 16 10
1 0 5 9 17
1 0 12 5 17
1 0 6 11 18
1 0 14 6 18
1 0 19 7 13
1 0 8 7 19
1 0 9 8 20
1 0 10 21 11
1 0 22 13 12
1 0 15 14 23
1 0 16 23 21
1 0 17 20 22
1 0 23 18 21
1 0 20 19 22
6 2 3 4 7 8 15
4 4 8 9 16
4 0 1 2 3
4 7 14 15 19
6 0 3 4 5 9 10
6 1 2 6 7 13 14
6 8 15 16 19 20 23
6 9 10 16 17 20 21
6 0 1 5 6 11 12
6 13 14 18 19 22 23
4 5 10 11 17
4 6 12 13 18
4 20 21 22 23
6 11 12 17 18 21 22
0
0
0
0
0
0
0
0
0
0
0
0
