icosidodecahedron
32 60 30
2 3 5
1 0 3 5 1
1 1 2 0 6 7 21
1 0 30 3 1
1 1 2 27 26 4 0
1 0 5 3 28
1 1 4 10 9 6 0
1 0 8 1 5
1 0 1 8 22
1 1 7 6 9 12 13
1 0 5 11 8
1 0 5 28 11
1 1 9 10 29 15 12
1 0 11 14 8
1 0 14 22 8
1 1 12 15 16 20 13
1 0 14 11 17
1 0 18 14 17
1 1 31 19 16 15 29
1 1 23 20 16 19 24
1 0 17 25 18
1 0 18 22 14
1 0 22 30 1
1 1 20 23 21 7 13
1 0 22 18 30
1 0 30 18 25
1 1 19 31 26 27 24
1 0 28 3 25
1 0 3 30 25
1 1 10 4 26 31 29
1 0 11 28 17
1 1 27 2 21 23 24
1 0 25 17 28
4 4 5 10 28
4 18 20 22 23
4 11 12 14 15
4 2 3 27 30
4 1 6 7 8
4 17 19 25 31
4 5 9 10 11
4 13 14 20 22
4 0 3 4 5
4 21 22 23 30
4 10 11 28 29
4 14 16 18 20
4 3 4 26 28
4 18 23 24 30
4 8 9 11 12
4 8 12 13 14
4 0 1 2 3
4 1 2 21 30
4 11 15 17 29
4 14 15 16 17
4 3 25 26 27
4 24 25 27 30
4 5 6 8 9
4 7 8 13 22
4 0 1 5 6
4 1 7 21 22
4 17 28 29 31
4 16 17 18 19
4 25 26 28 31
4 18 19 24 25
