pentagonal_icositetrahedron
24 60 38
1 5
1 0 1 2 3 9 4
1 0 0 4 10 5 6
1 0 0 6 7 8 3
1 0 0 2 8 12 9
1 0 0 9 14 10 1
1 0 1 10 17 11 6
1 0 1 5 11 7 2
1 0 2 6 11 19 8
1 0 2 7 19 20 3
1 0 0 3 12 13 4
1 0 1 4 14 16 5
1 0 5 17 18 7 6
1 0 3 20 21 13 9
1 0 9 12 21 15 14
1 0 4 13 15 16 10
1 0 13 21 23 16 14
1 0 10 14 15 23 17
1 0 5 16 23 18 11
1 0 11 17 23 22 19
1 0 7 18 22 20 8
1 0 8 19 22 21 12
1 0 12 20 22 15 13
1 0 18 23 21 20 19
1 0 15 22 18 17 16
4 0 1 6 2
3 0 2 3
3 0 3 9
3 0 9 4
3 0 4 1
3 2 8 3
3 2 7 8
3 2 6 7
3 6 11 7
3 5 11 6
3 1 5 6
3 1 10 5
3 1 4 10
3 4 14 10
3 3 12 9
3 9 12 13
3 8 19 20
3 7 19 8
4 7 11 18 19
4 5 10 16 17
4 4 9 13 14
4 3 8 20 12
3 12 20 21
3 12 21 13
3 13 21 15
3 13 15 14
3 14 15 16
3 15 23 16
3 10 14 16
3 5 17 11
3 11 17 18
3 20 22 21
3 19 22 20
3 16 23 17
3 18 22 19
3 17 23 18
4 15 21 22 23
3 18 23 22
