rhombicuboctahedronb
26 48 24
2 3 4
1 0 1 10 3
1 1 1 3 5 7
1 1 2 8 9 0
1 1 2 0 11 4
1 0 3 12 5
1 1 2 4 13 6
1 0 7 5 14
1 1 2 6 15 8
1 0 1 7 16
1 1 1 16 21 10
1 1 0 9 17 11
1 1 3 10 22 12
1 1 4 11 18 13
1 1 5 12 23 14
1 1 6 13 19 15
1 1 7 14 24 16
1 1 8 15 20 9
1 0 10 21 22
1 0 12 22 23
1 0 14 23 24
1 0 16 24 21
1 1 9 20 25 17
1 1 11 17 25 18
1 1 13 18 25 19
1 1 15 19 25 20
1 1 21 24 23 22
4 0 7 8 1
4 0 1 2 3
4 0 3 4 5
4 0 5 6 7
4 1 8 16 9
4 1 9 10 2
4 2 10 11 3
4 3 11 12 4
4 4 12 13 5
4 5 13 14 6
4 6 14 15 7
4 7 15 16 8
4 20 24 25 21
4 9 16 20 21
4 9 21 17 10
4 17 21 25 22
4 10 17 22 11
4 11 22 18 12
4 18 22 28 23
4 12 18 23 12
4 13 23 19 14
4 19 23 25 24
4 14 19 24 15
4 15 24 20 16
