rhombic_triacontahedron
30 60 32
1 4
1 0 1 2 3 4 
1 0 0 5 9 2
1 0 0 1 10 6
1 0 0 7 11 4
1 0 0 3 12 8
1 0 1 8 16 9
1 0 2 10 14 7
1 0 3 6 14 11
1 0 4 12 16 5
1 0 1 5 17 13
1 0 2 13 18 6
1 0 3 7 19 15
1 0 4 15 20 8
1 0 9 17 18 10
1 0 6 22 23 7
1 0 11 19 20 12
1 0 5 8 24 21
1 0 9 21 25 13
1 0 10 13 26 22
1 0 11 23 27 15
1 0 12 15 28 24
1 0 16 24 25 17
1 0 14 18 26 23
1 0 14 22 27 19
1 0 16 20 28 21
1 0 17 21 29 26
1 0 18 25 29 22
1 0 19 23 29 28
1 0 20 27 29 24
1 0 25 28 27 26
3 0 1 2
5 0 2 6 7 3
3 0 3 4
5 0 4 8 5 1
5 1 9 13 10 2
5 3 11 15 12 4
3 1 5 9
3 2 10 6
3 3 7 11
3 4 12 8
3 9 17 13
3 10 13 18
3 11 19 15
3 12 15 20
5 6 10 18 22 14
5 7 14 23 19 11
5 8 12 20 24 16
5 5 16 21 17 9
3 6 14 7
3 5 8 16
5 13 17 25 26 18
5 15 19 27 28 20
3 18 26 22
3 19 23 27
3 20 28 24
3 17 21 25
3 14 22 23
3 16 24 21
3 25 29 26
3 27 29 28
5 22 26 29 27 23
5 21 24 28 29 25
