triakis_octahedron
24 36 14
1 3
1 0 1 2 3
1 0 0 4 5
1 0 0 6 3
1 0 0 2 7
1 0 1 8 5
1 0 1 4 9
1 0 2 10 11
1 0 3 12 13
1 0 4 14 15
1 0 5 16 17
1 0 6 17 11
1 0 6 10 18
1 0 7 19 13
1 0 7 12 14
1 0 8 13 15
1 0 8 14 22
1 0 9 21 17
1 0 9 16 10
1 0 11 20 19
1 0 12 18 20
1 0 18 23 19
1 0 16 22 23
1 0 15 23 21
1 0 20 21 22
8 0 3 7 13 14 8 4 1
8 0 1 5 9 17 10 6 2
8 2 6 11 18 19 12 7 3
8 4 8 15 22 21 16 9 5
8 12 19 20 23 22 15 14 13
8 10 17 16 21 23 20 18 11
3 0 2 3
3 1 4 5
3 6 10 11
3 7 12 13
3 8 14 15
3 9 16 17
3 18 20 19
3 21 22 23
