truncated_icosahedron
32 90 60
2 5 6
1 0 17 18 26 28 27
1 0 29 28 26 25 30
1 0 22 12 19 29 30
1 0 12 22 23 14 13
1 0 14 15 16 21 13
1 0 18 17 16 15 31
1 0 28 29 19 20 27
1 0 20 21 16 17 27
1 0 21 20 19 12 13
1 0 15 14 23 24 31
1 0 25 24 23 22 30
1 0 24 25 26 18 31
1 1 2 22 3 13 8 19
1 1 21 8 12 3 14 4
1 1 9 15 4 13 3 23
1 1 14 9 31 5 16 4
1 1 7 21 4 15 5 17
1 1 18 0 27 7 16 5
1 1 0 17 5 31 11 26
1 1 8 20 6 29 2 12
1 1 8 21 7 27 6 19
1 1 20 8 13 4 16 7
1 1 12 2 30 10 23 3
1 1 10 24 9 14 3 22
1 1 10 25 11 31 9 23
1 1 24 10 30 1 26 11
1 1 11 25 1 28 0 18
1 1 20 7 17 0 28 6
1 1 1 29 6 27 0 26
1 1 28 1 30 2 19 6
1 1 25 10 22 2 29 1
1 1 24 11 18 5 15 9
3 1 28 29
3 9 14 15
3 6 28 29
3 4 14 15
3 2 12 22
3 0 17 18
3 3 12 22
3 5 17 18
3 10 24 25
3 8 20 21
3 11 24 25
3 7 20 21
3 10 25 30
3 10 23 24
3 8 19 20
3 8 13 21
3 11 25 26
3 11 24 31
3 7 20 27
3 7 16 21
3 1 29 30
3 1 26 28
3 9 14 23
3 9 15 31
3 6 19 29
3 6 27 28
3 4 13 14
3 4 15 16
3 2 22 30
3 2 12 19
3 0 18 26
3 0 17 27
3 3 22 23
3 3 12 13
3 5 18 31
3 5 16 17
3 1 25 30
3 9 23 24
3 6 19 20
3 4 13 21
3 1 25 26
3 9 24 31
3 6 20 27
3 4 16 21
3 2 29 30
3 0 26 28
3 3 14 23
3 5 15 31
3 2 19 29
3 0 27 28
3 3 13 14
3 5 15 16
3 10 22 30
3 8 12 19
3 11 18 26
3 7 17 27
3 10 22 23
3 8 12 13
3 11 18 31
3 7 16 17
