truncated_cuboctahedron
26 72 48
3 4 6 8
1 0 1 2 3 4
1 1 0 4 10 15 5 2
1 2 0 1 5 11 6 12 7 3
1 1 0 2 7 17 8 4
1 2 0 3 8 13 9 14 10 1
1 0 1 15 11 2
1 0 2 11 16 12
1 0 2 12 17 3
1 0 3 17 13 4
1 0 4 13 18 14
1 0 1 4 14 15
1 1 2 5 15 19 16 6
1 1 2 6 16 20 17 7
1 1 4 8 17 21 18 9
1 1 4 9 18 22 15 10
1 2 1 10 14 22 23 19 11 5
1 2 6 11 19 23 25 24 20 12
1 2 3 7 12 20 24 21 13 8
1 2 9 13 21 24 25 23 22 14
1 0 11 15 23 16
1 0 12 16 24 17
1 0 13 17 24 18
1 0 14 18 23 15
1 1 15 22 18 25 16 19
1 1 16 25 18 21 17 20
1 0 16 23 18 24
3 0 1 2
3 0 2 3
3 0 3 4
3 0 4 1
3 1 5 2
3 1 15 5
3 5 15 11
3 2 5 11
3 2 7 3
3 2 12 7
3 7 12 17
3 3 7 17
3 2 11 6
3 6 11 16
3 6 16 12
3 2 6 12
3 3 8 4
3 3 17 8
3 8 17 13
3 4 8 13
3 1 4 10
3 4 14 10
3 10 14 15
3 1 10 15
3 4 13 9
3 9 13 18
3 9 18 14
3 4 9 14
3 11 15 19
3 15 23 19
3 16 19 23
3 11 19 16
3 12 16 20
3 16 24 20
3 17 20 24
3 12 20 17
3 13 17 21
3 17 24 21
3 18 21 24
3 13 21 18
3 14 18 22
3 18 23 22
3 15 22 23
3 14 22 15
3 16 23 25
3 16 25 24
3 18 24 25
3 18 25 23
